################
Résolution 1

Permutations:
1 -> 18
2 -> 9
3 -> 8
4 -> 69
5 -> 13
6 -> 65
7 -> 59
8 -> 3
9 -> 2
10 -> 47
11 -> 46
12 -> 16
13 -> 54
14 -> 32
15 -> 66
16 -> 12
17 -> 34
18 -> 1
19 -> 64
20 -> 57
21 -> 5
22 -> 55
23 -> 38
24 -> 60
25 -> 51
26 -> 33
27 -> 49
28 -> 42
29 -> 37
30 -> 36
31 -> 79
32 -> 14
33 -> 26
34 -> 17
35 -> 56
36 -> 30
37 -> 29
38 -> 23
39 -> 63
40 -> 74
41 -> 61
42 -> 28
43 -> 73
44 -> 52
45 -> 68
46 -> 11
47 -> 10
48 -> 58
49 -> 27
50 -> 15
51 -> 25
52 -> 44
53 -> 75
54 -> 71
55 -> 22
56 -> 35
57 -> 80
58 -> 48
59 -> 7
60 -> 24
61 -> 21
62 -> 67
63 -> 39
64 -> 19
65 -> 41
66 -> 6
67 -> 62
68 -> 45
69 -> 4
70 -> 72
71 -> 20
72 -> 70
73 -> 43
74 -> 40
75 -> 53
76 -> 78
77 -> 50
78 -> 76
79 -> 31
80 -> 77

Cycles:
(1 18)
(2 9)
(3 8)
(4 69)
(5 13 54 71 20 57 80 77 50 15 66 6 65 41 61 21)
(7 59)
(10 47)
(11 46)
(12 16)
(14 32)
(17 34)
(19 64)
(22 55)
(23 38)
(24 60)
(25 51)
(26 33)
(27 49)
(28 42)
(29 37)
(30 36)
(31 79)
(35 56)
(39 63)
(40 74)
(43 73)
(44 52)
(45 68)
(48 58)
(53 75)
(62 67)
(70 72)
(76 78)

Cycle à casser:
(1 18)

################
Résolution 2

Permutations:
1 -> 10
2 -> 9
3 -> 8
4 -> 69
5 -> 18
6 -> 65
7 -> 59
8 -> 3
9 -> 2
10 -> 47
11 -> 46
12 -> 16
13 -> 54
14 -> 32
15 -> 66
16 -> 12
17 -> 34
18 -> 1
19 -> 64
20 -> 71
21 -> 5
22 -> 55
23 -> 38
24 -> 60
25 -> 51
26 -> 33
27 -> 49
28 -> 42
29 -> 37
30 -> 36
31 -> 79
32 -> 14
33 -> 26
34 -> 17
35 -> 56
36 -> 30
37 -> 29
38 -> 23
39 -> 63
40 -> 74
41 -> 61
42 -> 28
43 -> 73
44 -> 52
45 -> 68
46 -> 24
47 -> 31
48 -> 58
49 -> 27
50 -> 15
51 -> 25
52 -> 44
53 -> 75
54 -> 13
55 -> 22
56 -> 35
57 -> 80
58 -> 11
59 -> 7
60 -> 77
61 -> 21
62 -> 67
63 -> 39
64 -> 19
65 -> 41
66 -> 6
67 -> 62
68 -> 45
69 -> 4
70 -> 72
71 -> 20
72 -> 70
73 -> 43
74 -> 40
75 -> 53
76 -> 78
77 -> 50
78 -> 76
79 -> 48
80 -> 57

Cycles:
(1 10 47 31 79 48 58 11 46 24 60 77 50 15 66 6 65 41 61 21 5 18)
(2 9)
(3 8)
(4 69)
(7 59)
(12 16)
(13 54)
(14 32)
(17 34)
(19 64)
(20 71)
(22 55)
(23 38)
(25 51)
(26 33)
(27 49)
(28 42)
(29 37)
(30 36)
(35 56)
(39 63)
(40 74)
(43 73)
(44 52)
(45 68)
(53 75)
(57 80)
(62 67)
(70 72)
(76 78)

Cycle à casser:
(2 9)

################
Résolution 3

Permutations:
1 -> 18
2 -> 9
3 -> 8
4 -> 69
5 -> 21
6 -> 66
7 -> 59
8 -> 3
9 -> 56
10 -> 1
11 -> 58
12 -> 16
13 -> 54
14 -> 32
15 -> 50
16 -> 12
17 -> 34
18 -> 5
19 -> 64
20 -> 4
21 -> 61
22 -> 55
23 -> 38
24 -> 46
25 -> 51
26 -> 33
27 -> 49
28 -> 42
29 -> 37
30 -> 36
31 -> 47
32 -> 14
33 -> 26
34 -> 17
35 -> 22
36 -> 30
37 -> 29
38 -> 23
39 -> 63
40 -> 74
41 -> 65
42 -> 28
43 -> 73
44 -> 52
45 -> 68
46 -> 11
47 -> 10
48 -> 79
49 -> 27
50 -> 77
51 -> 25
52 -> 44
53 -> 75
54 -> 13
55 -> 71
56 -> 35
57 -> 80
58 -> 48
59 -> 7
60 -> 24
61 -> 41
62 -> 67
63 -> 2
64 -> 19
65 -> 6
66 -> 15
67 -> 39
68 -> 45
69 -> 62
70 -> 72
71 -> 20
72 -> 70
73 -> 43
74 -> 40
75 -> 53
76 -> 78
77 -> 60
78 -> 76
79 -> 31
80 -> 57

Cycles:
(1 18 5 21 61 41 65 6 66 15 50 77 60 24 46 11 58 48 79 31 47 10)
(2 9 56 35 22 55 71 20 4 69 62 67 39 63)
(3 8)
(7 59)
(12 16)
(13 54)
(14 32)
(17 34)
(19 64)
(23 38)
(25 51)
(26 33)
(27 49)
(28 42)
(29 37)
(30 36)
(40 74)
(43 73)
(44 52)
(45 68)
(53 75)
(57 80)
(70 72)
(76 78)

Cycle à casser:
(3 8)

################
Résolution 4

Permutations:
1 -> 18
2 -> 63
3 -> 70
4 -> 69
5 -> 21
6 -> 66
7 -> 59
8 -> 3
9 -> 2
10 -> 1
11 -> 58
12 -> 16
13 -> 54
14 -> 32
15 -> 50
16 -> 12
17 -> 34
18 -> 5
19 -> 64
20 -> 57
21 -> 61
22 -> 55
23 -> 38
24 -> 46
25 -> 51
26 -> 33
27 -> 49
28 -> 42
29 -> 37
30 -> 36
31 -> 47
32 -> 14
33 -> 26
34 -> 17
35 -> 56
36 -> 30
37 -> 29
38 -> 23
39 -> 80
40 -> 74
41 -> 65
42 -> 28
43 -> 73
44 -> 52
45 -> 68
46 -> 11
47 -> 10
48 -> 79
49 -> 27
50 -> 15
51 -> 25
52 -> 44
53 -> 75
54 -> 13
55 -> 71
56 -> 35
57 -> 22
58 -> 48
59 -> 7
60 -> 24
61 -> 8
62 -> 67
63 -> 39
64 -> 19
65 -> 41
66 -> 6
67 -> 62
68 -> 45
69 -> 4
70 -> 72
71 -> 20
72 -> 9
73 -> 43
74 -> 40
75 -> 53
76 -> 78
77 -> 60
78 -> 76
79 -> 31
80 -> 77

Cycles:
(1 18 5 21 61 8 3 70 72 9 2 63 39 80 77 60 24 46 11 58 48 79 31 47 10)
(4 69)
(6 66)
(7 59)
(12 16)
(13 54)
(14 32)
(15 50)
(17 34)
(19 64)
(20 57 22 55 71)
(23 38)
(25 51)
(26 33)
(27 49)
(28 42)
(29 37)
(30 36)
(35 56)
(40 74)
(41 65)
(43 73)
(44 52)
(45 68)
(53 75)
(62 67)
(76 78)

Cycle à casser:
(4 69)

################
Résolution 5

Permutations:
1 -> 10
2 -> 9
3 -> 8
4 -> 69
5 -> 18
6 -> 65
7 -> 59
8 -> 61
9 -> 72
10 -> 47
11 -> 46
12 -> 16
13 -> 54
14 -> 32
15 -> 66
16 -> 12
17 -> 34
18 -> 1
19 -> 64
20 -> 4
21 -> 5
22 -> 55
23 -> 38
24 -> 60
25 -> 51
26 -> 33
27 -> 49
28 -> 42
29 -> 37
30 -> 36
31 -> 79
32 -> 14
33 -> 26
34 -> 17
35 -> 56
36 -> 30
37 -> 29
38 -> 23
39 -> 63
40 -> 74
41 -> 80
42 -> 28
43 -> 73
44 -> 52
45 -> 68
46 -> 24
47 -> 31
48 -> 58
49 -> 27
50 -> 15
51 -> 25
52 -> 44
53 -> 75
54 -> 13
55 -> 71
56 -> 35
57 -> 22
58 -> 11
59 -> 7
60 -> 77
61 -> 21
62 -> 67
63 -> 2
64 -> 19
65 -> 41
66 -> 6
67 -> 39
68 -> 45
69 -> 62
70 -> 3
71 -> 20
72 -> 70
73 -> 43
74 -> 40
75 -> 53
76 -> 78
77 -> 50
78 -> 76
79 -> 48
80 -> 57

Cycles:
(1 10 47 31 79 48 58 11 46 24 60 77 50 15 66 6 65 41 80 57 22 55 71 20 4 69 62 67 39 63 2 9 72 70 3 8 61 21 5 18)
(7 59)
(12 16)
(13 54)
(14 32)
(17 34)
(19 64)
(23 38)
(25 51)
(26 33)
(27 49)
(28 42)
(29 37)
(30 36)
(35 56)
(40 74)
(43 73)
(44 52)
(45 68)
(53 75)
(76 78)

Cycle à casser:
(7 59)

################
Résolution 6

Permutations:
1 -> 10
2 -> 9
3 -> 8
4 -> 69
5 -> 18
6 -> 66
7 -> 75
8 -> 61
9 -> 72
10 -> 47
11 -> 46
12 -> 16
13 -> 54
14 -> 32
15 -> 50
16 -> 12
17 -> 34
18 -> 1
19 -> 64
20 -> 4
21 -> 5
22 -> 55
23 -> 38
24 -> 60
25 -> 51
26 -> 33
27 -> 49
28 -> 42
29 -> 37
30 -> 36
31 -> 79
32 -> 14
33 -> 26
34 -> 17
35 -> 56
36 -> 30
37 -> 29
38 -> 23
39 -> 63
40 -> 74
41 -> 65
42 -> 28
43 -> 73
44 -> 52
45 -> 68
46 -> 24
47 -> 31
48 -> 58
49 -> 27
50 -> 15
51 -> 25
52 -> 44
53 -> 59
54 -> 13
55 -> 71
56 -> 35
57 -> 22
58 -> 11
59 -> 7
60 -> 77
61 -> 21
62 -> 67
63 -> 2
64 -> 19
65 -> 41
66 -> 6
67 -> 39
68 -> 45
69 -> 62
70 -> 3
71 -> 20
72 -> 70
73 -> 43
74 -> 40
75 -> 53
76 -> 78
77 -> 80
78 -> 76
79 -> 48
80 -> 57

Cycles:
(1 10 47 31 79 48 58 11 46 24 60 77 80 57 22 55 71 20 4 69 62 67 39 63 2 9 72 70 3 8 61 21 5 18)
(6 66)
(7 75 53 59)
(12 16)
(13 54)
(14 32)
(15 50)
(17 34)
(19 64)
(23 38)
(25 51)
(26 33)
(27 49)
(28 42)
(29 37)
(30 36)
(35 56)
(40 74)
(41 65)
(43 73)
(44 52)
(45 68)
(76 78)

Cycle à casser:
(6 66)

################
Résolution 7

Permutations:
1 -> 10
2 -> 9
3 -> 8
4 -> 69
5 -> 18
6 -> 65
7 -> 75
8 -> 61
9 -> 72
10 -> 47
11 -> 46
12 -> 16
13 -> 54
14 -> 32
15 -> 66
16 -> 12
17 -> 34
18 -> 1
19 -> 64
20 -> 4
21 -> 5
22 -> 55
23 -> 38
24 -> 60
25 -> 51
26 -> 33
27 -> 49
28 -> 42
29 -> 37
30 -> 36
31 -> 79
32 -> 14
33 -> 26
34 -> 17
35 -> 56
36 -> 30
37 -> 29
38 -> 23
39 -> 63
40 -> 74
41 -> 80
42 -> 28
43 -> 73
44 -> 52
45 -> 68
46 -> 24
47 -> 31
48 -> 58
49 -> 27
50 -> 15
51 -> 25
52 -> 44
53 -> 59
54 -> 13
55 -> 71
56 -> 35
57 -> 22
58 -> 11
59 -> 7
60 -> 77
61 -> 21
62 -> 67
63 -> 2
64 -> 19
65 -> 41
66 -> 6
67 -> 39
68 -> 45
69 -> 62
70 -> 3
71 -> 20
72 -> 70
73 -> 43
74 -> 40
75 -> 53
76 -> 78
77 -> 50
78 -> 76
79 -> 48
80 -> 57

Cycles:
(1 10 47 31 79 48 58 11 46 24 60 77 50 15 66 6 65 41 80 57 22 55 71 20 4 69 62 67 39 63 2 9 72 70 3 8 61 21 5 18)
(7 75 53 59)
(12 16)
(13 54)
(14 32)
(17 34)
(19 64)
(23 38)
(25 51)
(26 33)
(27 49)
(28 42)
(29 37)
(30 36)
(35 56)
(40 74)
(43 73)
(44 52)
(45 68)
(76 78)

Cycle à casser:
(12 16)

################
Résolution 8

Permutations:
1 -> 18
2 -> 63
3 -> 70
4 -> 20
5 -> 21
6 -> 66
7 -> 1
8 -> 3
9 -> 2
10 -> 47
11 -> 46
12 -> 67
13 -> 54
14 -> 32
15 -> 16
16 -> 12
17 -> 34
18 -> 5
19 -> 64
20 -> 71
21 -> 61
22 -> 55
23 -> 38
24 -> 60
25 -> 51
26 -> 33
27 -> 41
28 -> 42
29 -> 37
30 -> 36
31 -> 79
32 -> 14
33 -> 26
34 -> 17
35 -> 56
36 -> 30
37 -> 29
38 -> 23
39 -> 80
40 -> 74
41 -> 65
42 -> 28
43 -> 73
44 -> 52
45 -> 68
46 -> 11
47 -> 10
48 -> 58
49 -> 27
50 -> 77
51 -> 25
52 -> 44
53 -> 75
54 -> 13
55 -> 22
56 -> 35
57 -> 53
58 -> 48
59 -> 7
60 -> 24
61 -> 8
62 -> 69
63 -> 39
64 -> 19
65 -> 6
66 -> 15
67 -> 62
68 -> 45
69 -> 4
70 -> 72
71 -> 49
72 -> 9
73 -> 43
74 -> 40
75 -> 59
76 -> 78
77 -> 50
78 -> 76
79 -> 31
80 -> 57

Cycles:
(1 18 5 21 61 8 3 70 72 9 2 63 39 80 57 53 75 59 7)
(4 20 71 49 27 41 65 6 66 15 16 12 67 62 69)
(10 47)
(11 46)
(13 54)
(14 32)
(17 34)
(19 64)
(22 55)
(23 38)
(24 60)
(25 51)
(26 33)
(28 42)
(29 37)
(30 36)
(31 79)
(35 56)
(40 74)
(43 73)
(44 52)
(45 68)
(48 58)
(50 77)
(76 78)

Cycle à casser:
(10 47)

################
Résolution 9

Permutations:
1 -> 10
2 -> 9
3 -> 8
4 -> 20
5 -> 18
6 -> 65
7 -> 59
8 -> 61
9 -> 72
10 -> 47
11 -> 46
12 -> 67
13 -> 54
14 -> 32
15 -> 66
16 -> 12
17 -> 34
18 -> 1
19 -> 64
20 -> 71
21 -> 5
22 -> 55
23 -> 38
24 -> 60
25 -> 51
26 -> 33
27 -> 41
28 -> 42
29 -> 37
30 -> 36
31 -> 79
32 -> 14
33 -> 26
34 -> 17
35 -> 56
36 -> 30
37 -> 29
38 -> 23
39 -> 63
40 -> 74
41 -> 80
42 -> 28
43 -> 73
44 -> 52
45 -> 68
46 -> 11
47 -> 31
48 -> 58
49 -> 27
50 -> 77
51 -> 25
52 -> 44
53 -> 57
54 -> 13
55 -> 22
56 -> 35
57 -> 53
58 -> 16
59 -> 75
60 -> 24
61 -> 21
62 -> 69
63 -> 2
64 -> 19
65 -> 6
66 -> 15
67 -> 62
68 -> 45
69 -> 4
70 -> 3
71 -> 49
72 -> 70
73 -> 43
74 -> 40
75 -> 7
76 -> 78
77 -> 50
78 -> 76
79 -> 48
80 -> 39

Cycles:
(1 10 47 31 79 48 58 16 12 67 62 69 4 20 71 49 27 41 80 39 63 2 9 72 70 3 8 61 21 5 18)
(6 65)
(7 59 75)
(11 46)
(13 54)
(14 32)
(15 66)
(17 34)
(19 64)
(22 55)
(23 38)
(24 60)
(25 51)
(26 33)
(28 42)
(29 37)
(30 36)
(35 56)
(40 74)
(43 73)
(44 52)
(45 68)
(50 77)
(53 57)
(76 78)

Cycle à casser:
(6 65)

################
Résolution 10

Permutations:
1 -> 18
2 -> 63
3 -> 70
4 -> 69
5 -> 21
6 -> 65
7 -> 75
8 -> 3
9 -> 2
10 -> 1
11 -> 46
12 -> 16
13 -> 54
14 -> 32
15 -> 66
16 -> 58
17 -> 34
18 -> 5
19 -> 64
20 -> 4
21 -> 61
22 -> 57
23 -> 38
24 -> 60
25 -> 51
26 -> 33
27 -> 49
28 -> 42
29 -> 37
30 -> 36
31 -> 47
32 -> 14
33 -> 26
34 -> 17
35 -> 56
36 -> 30
37 -> 29
38 -> 23
39 -> 80
40 -> 74
41 -> 27
42 -> 28
43 -> 73
44 -> 52
45 -> 68
46 -> 11
47 -> 10
48 -> 79
49 -> 71
50 -> 15
51 -> 25
52 -> 44
53 -> 59
54 -> 13
55 -> 22
56 -> 35
57 -> 20
58 -> 48
59 -> 7
60 -> 24
61 -> 8
62 -> 67
63 -> 39
64 -> 19
65 -> 41
66 -> 6
67 -> 12
68 -> 45
69 -> 62
70 -> 72
71 -> 55
72 -> 9
73 -> 43
74 -> 40
75 -> 53
76 -> 78
77 -> 50
78 -> 76
79 -> 31
80 -> 77

Cycles:
(1 18 5 21 61 8 3 70 72 9 2 63 39 80 77 50 15 66 6 65 41 27 49 71 55 22 57 20 4 69 62 67 12 16 58 48 79 31 47 10)
(7 75 53 59)
(11 46)
(13 54)
(14 32)
(17 34)
(19 64)
(23 38)
(24 60)
(25 51)
(26 33)
(28 42)
(29 37)
(30 36)
(35 56)
(40 74)
(43 73)
(44 52)
(45 68)
(76 78)

Cycle à casser:
(11 46)

################
Résolution 11

Permutations:
1 -> 10
2 -> 63
3 -> 8
4 -> 20
5 -> 18
6 -> 66
7 -> 75
8 -> 61
9 -> 2
10 -> 40
11 -> 58
12 -> 67
13 -> 54
14 -> 3
15 -> 50
16 -> 12
17 -> 34
18 -> 1
19 -> 64
20 -> 57
21 -> 5
22 -> 55
23 -> 38
24 -> 46
25 -> 51
26 -> 33
27 -> 41
28 -> 42
29 -> 37
30 -> 32
31 -> 47
32 -> 14
33 -> 26
34 -> 17
35 -> 56
36 -> 30
37 -> 29
38 -> 23
39 -> 80
40 -> 74
41 -> 65
42 -> 28
43 -> 73
44 -> 52
45 -> 68
46 -> 11
47 -> 31
48 -> 79
49 -> 27
50 -> 35
51 -> 25
52 -> 44
53 -> 59
54 -> 13
55 -> 71
56 -> 9
57 -> 22
58 -> 16
59 -> 7
60 -> 24
61 -> 21
62 -> 69
63 -> 39
64 -> 19
65 -> 6
66 -> 15
67 -> 62
68 -> 45
69 -> 4
70 -> 72
71 -> 49
72 -> 70
73 -> 43
74 -> 36
75 -> 53
76 -> 78
77 -> 60
78 -> 76
79 -> 48
80 -> 77

Cycles:
(1 10 40 74 36 30 32 14 3 8 61 21 5 18)
(2 63 39 80 77 60 24 46 11 58 16 12 67 62 69 4 20 57 22 55 71 49 27 41 65 6 66 15 50 35 56 9)
(7 75 53 59)
(13 54)
(17 34)
(19 64)
(23 38)
(25 51)
(26 33)
(28 42)
(29 37)
(31 47)
(43 73)
(44 52)
(45 68)
(48 79)
(70 72)
(76 78)

Cycle à casser:
(13 54)

################
Résolution 12

Permutations:
1 -> 18
2 -> 9
3 -> 14
4 -> 69
5 -> 13
6 -> 8
7 -> 75
8 -> 3
9 -> 56
10 -> 1
11 -> 46
12 -> 16
13 -> 54
14 -> 32
15 -> 66
16 -> 58
17 -> 34
18 -> 5
19 -> 64
20 -> 4
21 -> 61
22 -> 57
23 -> 38
24 -> 60
25 -> 51
26 -> 33
27 -> 49
28 -> 42
29 -> 37
30 -> 36
31 -> 47
32 -> 30
33 -> 26
34 -> 17
35 -> 50
36 -> 74
37 -> 29
38 -> 23
39 -> 63
40 -> 10
41 -> 65
42 -> 28
43 -> 73
44 -> 52
45 -> 68
46 -> 24
47 -> 31
48 -> 79
49 -> 27
50 -> 15
51 -> 25
52 -> 44
53 -> 59
54 -> 71
55 -> 22
56 -> 35
57 -> 20
58 -> 11
59 -> 7
60 -> 77
61 -> 21
62 -> 67
63 -> 2
64 -> 19
65 -> 41
66 -> 6
67 -> 12
68 -> 45
69 -> 62
70 -> 72
71 -> 55
72 -> 70
73 -> 43
74 -> 40
75 -> 53
76 -> 78
77 -> 80
78 -> 76
79 -> 48
80 -> 39

Cycles:
(1 18 5 13 54 71 55 22 57 20 4 69 62 67 12 16 58 11 46 24 60 77 80 39 63 2 9 56 35 50 15 66 6 8 3 14 32 30 36 74 40 10)
(7 75 53 59)
(17 34)
(19 64)
(21 61)
(23 38)
(25 51)
(26 33)
(27 49)
(28 42)
(29 37)
(31 47)
(41 65)
(43 73)
(44 52)
(45 68)
(48 79)
(70 72)
(76 78)

Cycle à casser:
(17 34)

################
Résolution 13

Permutations:
1 -> 18
2 -> 9
3 -> 8
4 -> 20
5 -> 13
6 -> 65
7 -> 59
8 -> 61
9 -> 56
10 -> 1
11 -> 58
12 -> 16
13 -> 54
14 -> 3
15 -> 66
16 -> 15
17 -> 32
18 -> 5
19 -> 64
20 -> 57
21 -> 67
22 -> 55
23 -> 38
24 -> 46
25 -> 51
26 -> 33
27 -> 34
28 -> 42
29 -> 37
30 -> 36
31 -> 47
32 -> 14
33 -> 26
34 -> 17
35 -> 50
36 -> 30
37 -> 29
38 -> 23
39 -> 63
40 -> 74
41 -> 80
42 -> 28
43 -> 73
44 -> 52
45 -> 12
46 -> 11
47 -> 10
48 -> 79
49 -> 27
50 -> 77
51 -> 25
52 -> 44
53 -> 75
54 -> 71
55 -> 68
56 -> 35
57 -> 22
58 -> 48
59 -> 53
60 -> 24
61 -> 21
62 -> 69
63 -> 2
64 -> 19
65 -> 41
66 -> 6
67 -> 62
68 -> 45
69 -> 4
70 -> 72
71 -> 49
72 -> 70
73 -> 43
74 -> 40
75 -> 7
76 -> 78
77 -> 60
78 -> 76
79 -> 31
80 -> 39

Cycles:
(1 18 5 13 54 71 49 27 34 17 32 14 3 8 61 21 67 62 69 4 20 57 22 55 68 45 12 16 15 66 6 65 41 80 39 63 2 9 56 35 50 77 60 24 46 11 58 48 79 31 47 10)
(7 59 53 75)
(19 64)
(23 38)
(25 51)
(26 33)
(28 42)
(29 37)
(30 36)
(40 74)
(43 73)
(44 52)
(70 72)
(76 78)

Cycle à casser:
(19 64)

################
Résolution 14

Permutations:
1 -> 18
2 -> 9
3 -> 14
4 -> 69
5 -> 13
6 -> 8
7 -> 59
8 -> 3
9 -> 56
10 -> 1
11 -> 58
12 -> 16
13 -> 54
14 -> 32
15 -> 66
16 -> 15
17 -> 34
18 -> 5
19 -> 75
20 -> 4
21 -> 61
22 -> 55
23 -> 38
24 -> 46
25 -> 51
26 -> 33
27 -> 49
28 -> 42
29 -> 37
30 -> 36
31 -> 47
32 -> 17
33 -> 26
34 -> 27
35 -> 50
36 -> 30
37 -> 29
38 -> 23
39 -> 63
40 -> 74
41 -> 65
42 -> 28
43 -> 73
44 -> 52
45 -> 68
46 -> 11
47 -> 10
48 -> 79
49 -> 64
50 -> 77
51 -> 25
52 -> 44
53 -> 57
54 -> 71
55 -> 22
56 -> 35
57 -> 80
58 -> 48
59 -> 53
60 -> 24
61 -> 21
62 -> 67
63 -> 2
64 -> 19
65 -> 41
66 -> 6
67 -> 12
68 -> 45
69 -> 62
70 -> 72
71 -> 20
72 -> 70
73 -> 43
74 -> 40
75 -> 7
76 -> 78
77 -> 60
78 -> 76
79 -> 31
80 -> 39

Cycles:
(1 18 5 13 54 71 20 4 69 62 67 12 16 15 66 6 8 3 14 32 17 34 27 49 64 19 75 7 59 53 57 80 39 63 2 9 56 35 50 77 60 24 46 11 58 48 79 31 47 10)
(21 61)
(22 55)
(23 38)
(25 51)
(26 33)
(28 42)
(29 37)
(30 36)
(40 74)
(41 65)
(43 73)
(44 52)
(45 68)
(70 72)
(76 78)

Cycle à casser:
(21 61)

################
Résolution 15

Permutations:
1 -> 10
2 -> 63
3 -> 8
4 -> 20
5 -> 18
6 -> 65
7 -> 75
8 -> 61
9 -> 2
10 -> 47
11 -> 46
12 -> 16
13 -> 5
14 -> 3
15 -> 66
16 -> 15
17 -> 32
18 -> 1
19 -> 64
20 -> 4
21 -> 67
22 -> 55
23 -> 38
24 -> 60
25 -> 51
26 -> 33
27 -> 34
28 -> 42
29 -> 37
30 -> 36
31 -> 79
32 -> 14
33 -> 26
34 -> 17
35 -> 56
36 -> 30
37 -> 29
38 -> 23
39 -> 80
40 -> 74
41 -> 27
42 -> 28
43 -> 73
44 -> 52
45 -> 68
46 -> 24
47 -> 31
48 -> 58
49 -> 71
50 -> 35
51 -> 25
52 -> 44
53 -> 59
54 -> 13
55 -> 22
56 -> 9
57 -> 53
58 -> 11
59 -> 7
60 -> 77
61 -> 21
62 -> 69
63 -> 39
64 -> 49
65 -> 41
66 -> 6
67 -> 12
68 -> 45
69 -> 62
70 -> 72
71 -> 54
72 -> 70
73 -> 43
74 -> 40
75 -> 19
76 -> 78
77 -> 50
78 -> 76
79 -> 48
80 -> 57

Cycles:
(1 10 47 31 79 48 58 11 46 24 60 77 50 35 56 9 2 63 39 80 57 53 59 7 75 19 64 49 71 54 13 5 18)
(3 8 61 21 67 12 16 15 66 6 65 41 27 34 17 32 14)
(4 20)
(22 55)
(23 38)
(25 51)
(26 33)
(28 42)
(29 37)
(30 36)
(40 74)
(43 73)
(44 52)
(45 68)
(62 69)
(70 72)
(76 78)

Cycle à casser:
(4 20)

################
Résolution 16

Permutations:
1 -> 18
2 -> 9
3 -> 14
4 -> 69
5 -> 13
6 -> 65
7 -> 59
8 -> 3
9 -> 56
10 -> 1
11 -> 58
12 -> 16
13 -> 54
14 -> 32
15 -> 66
16 -> 15
17 -> 34
18 -> 5
19 -> 75
20 -> 4
21 -> 61
22 -> 55
23 -> 38
24 -> 46
25 -> 51
26 -> 33
27 -> 49
28 -> 42
29 -> 37
30 -> 36
31 -> 47
32 -> 17
33 -> 26
34 -> 27
35 -> 50
36 -> 30
37 -> 29
38 -> 23
39 -> 63
40 -> 74
41 -> 80
42 -> 28
43 -> 73
44 -> 52
45 -> 12
46 -> 11
47 -> 10
48 -> 79
49 -> 64
50 -> 77
51 -> 25
52 -> 44
53 -> 57
54 -> 71
55 -> 68
56 -> 35
57 -> 22
58 -> 48
59 -> 53
60 -> 24
61 -> 8
62 -> 67
63 -> 2
64 -> 19
65 -> 41
66 -> 6
67 -> 21
68 -> 45
69 -> 62
70 -> 72
71 -> 20
72 -> 70
73 -> 43
74 -> 40
75 -> 7
76 -> 78
77 -> 60
78 -> 76
79 -> 31
80 -> 39

Cycles:
(1 18 5 13 54 71 20 4 69 62 67 21 61 8 3 14 32 17 34 27 49 64 19 75 7 59 53 57 22 55 68 45 12 16 15 66 6 65 41 80 39 63 2 9 56 35 50 77 60 24 46 11 58 48 79 31 47 10)
(23 38)
(25 51)
(26 33)
(28 42)
(29 37)
(30 36)
(40 74)
(43 73)
(44 52)
(70 72)
(76 78)

Cycle à casser:
(23 38)

################
Résolution 17

Permutations:
1 -> 18
2 -> 63
3 -> 8
4 -> 20
5 -> 13
6 -> 66
7 -> 48
8 -> 61
9 -> 2
10 -> 1
11 -> 58
12 -> 45
13 -> 54
14 -> 3
15 -> 50
16 -> 12
17 -> 32
18 -> 5
19 -> 75
20 -> 57
21 -> 67
22 -> 35
23 -> 64
24 -> 46
25 -> 51
26 -> 33
27 -> 34
28 -> 42
29 -> 37
30 -> 36
31 -> 47
32 -> 14
33 -> 26
34 -> 17
35 -> 56
36 -> 30
37 -> 29
38 -> 23
39 -> 80
40 -> 74
41 -> 65
42 -> 28
43 -> 73
44 -> 52
45 -> 68
46 -> 11
47 -> 10
48 -> 79
49 -> 27
50 -> 77
51 -> 25
52 -> 44
53 -> 59
54 -> 71
55 -> 22
56 -> 9
57 -> 53
58 -> 16
59 -> 7
60 -> 24
61 -> 21
62 -> 69
63 -> 39
64 -> 38
65 -> 6
66 -> 15
67 -> 62
68 -> 55
69 -> 4
70 -> 72
71 -> 49
72 -> 70
73 -> 43
74 -> 40
75 -> 19
76 -> 78
77 -> 60
78 -> 76
79 -> 31
80 -> 41

Cycles:
(1 18 5 13 54 71 49 27 34 17 32 14 3 8 61 21 67 62 69 4 20 57 53 59 7 48 79 31 47 10)
(2 63 39 80 41 65 6 66 15 50 77 60 24 46 11 58 16 12 45 68 55 22 35 56 9)
(19 75)
(23 64 38)
(25 51)
(26 33)
(28 42)
(29 37)
(30 36)
(40 74)
(43 73)
(44 52)
(70 72)
(76 78)

Cycle à casser:
(19 75)

################
Résolution 18

Permutations:
1 -> 18
2 -> 9
3 -> 14
4 -> 69
5 -> 13
6 -> 65
7 -> 59
8 -> 3
9 -> 56
10 -> 1
11 -> 58
12 -> 16
13 -> 54
14 -> 32
15 -> 66
16 -> 15
17 -> 34
18 -> 5
19 -> 75
20 -> 4
21 -> 61
22 -> 55
23 -> 64
24 -> 46
25 -> 51
26 -> 33
27 -> 49
28 -> 42
29 -> 37
30 -> 36
31 -> 47
32 -> 17
33 -> 26
34 -> 27
35 -> 22
36 -> 30
37 -> 29
38 -> 23
39 -> 63
40 -> 74
41 -> 80
42 -> 28
43 -> 73
44 -> 52
45 -> 12
46 -> 11
47 -> 10
48 -> 79
49 -> 50
50 -> 77
51 -> 25
52 -> 44
53 -> 57
54 -> 71
55 -> 68
56 -> 35
57 -> 20
58 -> 48
59 -> 53
60 -> 24
61 -> 8
62 -> 67
63 -> 2
64 -> 19
65 -> 41
66 -> 6
67 -> 21
68 -> 45
69 -> 62
70 -> 72
71 -> 38
72 -> 70
73 -> 43
74 -> 40
75 -> 7
76 -> 78
77 -> 60
78 -> 76
79 -> 31
80 -> 39

Cycles:
(1 18 5 13 54 71 38 23 64 19 75 7 59 53 57 20 4 69 62 67 21 61 8 3 14 32 17 34 27 49 50 77 60 24 46 11 58 48 79 31 47 10)
(2 9 56 35 22 55 68 45 12 16 15 66 6 65 41 80 39 63)
(25 51)
(26 33)
(28 42)
(29 37)
(30 36)
(40 74)
(43 73)
(44 52)
(70 72)
(76 78)

Cycle à casser:
(25 51)

################
Résolution 19

Permutations:
1 -> 18
2 -> 63
3 -> 14
4 -> 69
5 -> 13
6 -> 66
7 -> 48
8 -> 3
9 -> 2
10 -> 1
11 -> 46
12 -> 45
13 -> 54
14 -> 32
15 -> 16
16 -> 12
17 -> 34
18 -> 5
19 -> 75
20 -> 4
21 -> 61
22 -> 57
23 -> 64
24 -> 52
25 -> 79
26 -> 33
27 -> 49
28 -> 42
29 -> 37
30 -> 36
31 -> 47
32 -> 51
33 -> 26
34 -> 27
35 -> 56
36 -> 30
37 -> 29
38 -> 23
39 -> 80
40 -> 74
41 -> 65
42 -> 28
43 -> 73
44 -> 17
45 -> 68
46 -> 24
47 -> 10
48 -> 58
49 -> 50
50 -> 35
51 -> 25
52 -> 44
53 -> 59
54 -> 71
55 -> 22
56 -> 9
57 -> 20
58 -> 11
59 -> 7
60 -> 77
61 -> 8
62 -> 67
63 -> 39
64 -> 19
65 -> 6
66 -> 15
67 -> 21
68 -> 55
69 -> 62
70 -> 72
71 -> 38
72 -> 70
73 -> 43
74 -> 40
75 -> 53
76 -> 78
77 -> 60
78 -> 76
79 -> 31
80 -> 41

Cycles:
(1 18 5 13 54 71 38 23 64 19 75 53 59 7 48 58 11 46 24 52 44 17 34 27 49 50 35 56 9 2 63 39 80 41 65 6 66 15 16 12 45 68 55 22 57 20 4 69 62 67 21 61 8 3 14 32 51 25 79 31 47 10)
(26 33)
(28 42)
(29 37)
(30 36)
(40 74)
(43 73)
(60 77)
(70 72)
(76 78)

Cycle à casser:
(26 33)

################
Résolution 20

Permutations:
1 -> 18
2 -> 9
3 -> 8
4 -> 20
5 -> 13
6 -> 65
7 -> 75
8 -> 61
9 -> 72
10 -> 1
11 -> 58
12 -> 16
13 -> 54
14 -> 3
15 -> 66
16 -> 15
17 -> 32
18 -> 5
19 -> 64
20 -> 57
21 -> 67
22 -> 55
23 -> 38
24 -> 46
25 -> 79
26 -> 43
27 -> 34
28 -> 42
29 -> 37
30 -> 36
31 -> 47
32 -> 51
33 -> 26
34 -> 17
35 -> 56
36 -> 30
37 -> 29
38 -> 14
39 -> 63
40 -> 74
41 -> 80
42 -> 28
43 -> 73
44 -> 52
45 -> 12
46 -> 11
47 -> 10
48 -> 33
49 -> 27
50 -> 77
51 -> 25
52 -> 44
53 -> 59
54 -> 71
55 -> 22
56 -> 35
57 -> 53
58 -> 48
59 -> 7
60 -> 24
61 -> 21
62 -> 69
63 -> 2
64 -> 23
65 -> 41
66 -> 6
67 -> 62
68 -> 45
69 -> 4
70 -> 68
71 -> 49
72 -> 70
73 -> 60
74 -> 40
75 -> 19
76 -> 78
77 -> 50
78 -> 76
79 -> 31
80 -> 39

Cycles:
(1 18 5 13 54 71 49 27 34 17 32 51 25 79 31 47 10)
(2 9 72 70 68 45 12 16 15 66 6 65 41 80 39 63)
(3 8 61 21 67 62 69 4 20 57 53 59 7 75 19 64 23 38 14)
(11 58 48 33 26 43 73 60 24 46)
(22 55)
(28 42)
(29 37)
(30 36)
(35 56)
(40 74)
(44 52)
(50 77)
(76 78)

Cycle à casser:
(22 55)

################
Résolution 21

Permutations:
1 -> 10
2 -> 9
3 -> 8
4 -> 20
5 -> 18
6 -> 65
7 -> 75
8 -> 61
9 -> 56
10 -> 47
11 -> 58
12 -> 16
13 -> 5
14 -> 3
15 -> 66
16 -> 15
17 -> 44
18 -> 1
19 -> 64
20 -> 57
21 -> 67
22 -> 55
23 -> 38
24 -> 46
25 -> 51
26 -> 43
27 -> 34
28 -> 42
29 -> 37
30 -> 36
31 -> 79
32 -> 14
33 -> 26
34 -> 17
35 -> 22
36 -> 30
37 -> 29
38 -> 71
39 -> 63
40 -> 74
41 -> 80
42 -> 28
43 -> 73
44 -> 52
45 -> 12
46 -> 11
47 -> 31
48 -> 33
49 -> 27
50 -> 49
51 -> 32
52 -> 24
53 -> 59
54 -> 13
55 -> 68
56 -> 35
57 -> 53
58 -> 48
59 -> 7
60 -> 77
61 -> 21
62 -> 69
63 -> 2
64 -> 23
65 -> 41
66 -> 6
67 -> 62
68 -> 45
69 -> 4
70 -> 72
71 -> 54
72 -> 70
73 -> 60
74 -> 40
75 -> 19
76 -> 78
77 -> 50
78 -> 76
79 -> 25
80 -> 39

Cycles:
(1 10 47 31 79 25 51 32 14 3 8 61 21 67 62 69 4 20 57 53 59 7 75 19 64 23 38 71 54 13 5 18)
(2 9 56 35 22 55 68 45 12 16 15 66 6 65 41 80 39 63)
(11 58 48 33 26 43 73 60 77 50 49 27 34 17 44 52 24 46)
(28 42)
(29 37)
(30 36)
(40 74)
(70 72)
(76 78)

Cycle à casser:
(28 42)

################
Résolution 22

Permutations:
1 -> 18
2 -> 63
3 -> 8
4 -> 20
5 -> 13
6 -> 65
7 -> 1
8 -> 61
9 -> 2
10 -> 47
11 -> 46
12 -> 16
13 -> 54
14 -> 3
15 -> 66
16 -> 15
17 -> 34
18 -> 5
19 -> 75
20 -> 57
21 -> 42
22 -> 55
23 -> 64
24 -> 60
25 -> 51
26 -> 33
27 -> 49
28 -> 73
29 -> 37
30 -> 36
31 -> 79
32 -> 14
33 -> 48
34 -> 27
35 -> 56
36 -> 74
37 -> 29
38 -> 23
39 -> 67
40 -> 10
41 -> 80
42 -> 28
43 -> 26
44 -> 17
45 -> 12
46 -> 24
47 -> 31
48 -> 58
49 -> 52
50 -> 35
51 -> 32
52 -> 44
53 -> 59
54 -> 71
55 -> 68
56 -> 9
57 -> 22
58 -> 11
59 -> 7
60 -> 77
61 -> 21
62 -> 69
63 -> 30
64 -> 19
65 -> 41
66 -> 6
67 -> 62
68 -> 45
69 -> 4
70 -> 72
71 -> 38
72 -> 70
73 -> 43
74 -> 40
75 -> 53
76 -> 78
77 -> 50
78 -> 76
79 -> 25
80 -> 39

Cycles:
(1 18 5 13 54 71 38 23 64 19 75 53 59 7)
(2 63 30 36 74 40 10 47 31 79 25 51 32 14 3 8 61 21 42 28 73 43 26 33 48 58 11 46 24 60 77 50 35 56 9)
(4 20 57 22 55 68 45 12 16 15 66 6 65 41 80 39 67 62 69)
(17 34 27 49 52 44)
(29 37)
(70 72)
(76 78)

Cycle à casser:
(29 37)

################
Résolution 23

Permutations:
1 -> 10
2 -> 9
3 -> 8
4 -> 20
5 -> 18
6 -> 65
7 -> 59
8 -> 61
9 -> 56
10 -> 47
11 -> 58
12 -> 16
13 -> 5
14 -> 3
15 -> 66
16 -> 15
17 -> 44
18 -> 1
19 -> 64
20 -> 57
21 -> 67
22 -> 55
23 -> 38
24 -> 46
25 -> 51
26 -> 43
27 -> 34
28 -> 42
29 -> 7
30 -> 36
31 -> 79
32 -> 14
33 -> 26
34 -> 17
35 -> 50
36 -> 30
37 -> 29
38 -> 71
39 -> 63
40 -> 74
41 -> 80
42 -> 37
43 -> 73
44 -> 52
45 -> 12
46 -> 11
47 -> 31
48 -> 33
49 -> 27
50 -> 77
51 -> 32
52 -> 49
53 -> 75
54 -> 13
55 -> 68
56 -> 35
57 -> 22
58 -> 48
59 -> 53
60 -> 24
61 -> 21
62 -> 69
63 -> 2
64 -> 23
65 -> 41
66 -> 6
67 -> 62
68 -> 45
69 -> 4
70 -> 72
71 -> 54
72 -> 70
73 -> 28
74 -> 40
75 -> 19
76 -> 78
77 -> 60
78 -> 76
79 -> 25
80 -> 39

Cycles:
(1 10 47 31 79 25 51 32 14 3 8 61 21 67 62 69 4 20 57 22 55 68 45 12 16 15 66 6 65 41 80 39 63 2 9 56 35 50 77 60 24 46 11 58 48 33 26 43 73 28 42 37 29 7 59 53 75 19 64 23 38 71 54 13 5 18)
(17 44 52 49 27 34)
(30 36)
(40 74)
(70 72)
(76 78)

Cycle à casser:
(30 36)

################
Résolution 24

Permutations:
1 -> 10
2 -> 9
3 -> 8
4 -> 20
5 -> 18
6 -> 65
7 -> 29
8 -> 61
9 -> 56
10 -> 40
11 -> 58
12 -> 16
13 -> 5
14 -> 3
15 -> 66
16 -> 15
17 -> 44
18 -> 1
19 -> 64
20 -> 57
21 -> 46
22 -> 55
23 -> 38
24 -> 60
25 -> 51
26 -> 33
27 -> 34
28 -> 73
29 -> 37
30 -> 63
31 -> 47
32 -> 14
33 -> 75
34 -> 17
35 -> 22
36 -> 30
37 -> 42
38 -> 71
39 -> 67
40 -> 74
41 -> 80
42 -> 28
43 -> 26
44 -> 52
45 -> 12
46 -> 11
47 -> 31
48 -> 79
49 -> 27
50 -> 49
51 -> 32
52 -> 24
53 -> 59
54 -> 13
55 -> 68
56 -> 35
57 -> 53
58 -> 48
59 -> 7
60 -> 77
61 -> 21
62 -> 69
63 -> 2
64 -> 23
65 -> 41
66 -> 6
67 -> 62
68 -> 45
69 -> 4
70 -> 72
71 -> 54
72 -> 70
73 -> 43
74 -> 36
75 -> 19
76 -> 78
77 -> 50
78 -> 76
79 -> 25
80 -> 39

Cycles:
(1 10 40 74 36 30 63 2 9 56 35 22 55 68 45 12 16 15 66 6 65 41 80 39 67 62 69 4 20 57 53 59 7 29 37 42 28 73 43 26 33 75 19 64 23 38 71 54 13 5 18)
(3 8 61 21 46 11 58 48 79 25 51 32 14)
(17 44 52 24 60 77 50 49 27 34)
(31 47)
(70 72)
(76 78)

Cycle à casser:
(31 47)

################
Résolution 25

Permutations:
1 -> 18
2 -> 63
3 -> 8
4 -> 69
5 -> 13
6 -> 66
7 -> 1
8 -> 61
9 -> 2
10 -> 47
11 -> 58
12 -> 45
13 -> 54
14 -> 38
15 -> 16
16 -> 12
17 -> 44
18 -> 5
19 -> 75
20 -> 4
21 -> 46
22 -> 57
23 -> 64
24 -> 60
25 -> 51
26 -> 43
27 -> 34
28 -> 42
29 -> 3
30 -> 36
31 -> 79
32 -> 14
33 -> 26
34 -> 17
35 -> 56
36 -> 74
37 -> 29
38 -> 23
39 -> 80
40 -> 10
41 -> 65
42 -> 37
43 -> 73
44 -> 52
45 -> 68
46 -> 11
47 -> 31
48 -> 33
49 -> 27
50 -> 35
51 -> 32
52 -> 24
53 -> 59
54 -> 71
55 -> 22
56 -> 9
57 -> 20
58 -> 48
59 -> 7
60 -> 77
61 -> 21
62 -> 67
63 -> 30
64 -> 19
65 -> 6
66 -> 15
67 -> 39
68 -> 55
69 -> 62
70 -> 72
71 -> 49
72 -> 70
73 -> 28
74 -> 40
75 -> 53
76 -> 78
77 -> 50
78 -> 76
79 -> 25
80 -> 41

Cycles:
(1 18 5 13 54 71 49 27 34 17 44 52 24 60 77 50 35 56 9 2 63 30 36 74 40 10 47 31 79 25 51 32 14 38 23 64 19 75 53 59 7)
(3 8 61 21 46 11 58 48 33 26 43 73 28 42 37 29)
(4 69 62 67 39 80 41 65 6 66 15 16 12 45 68 55 22 57 20)
(70 72)
(76 78)

Cycle à casser:
(70 72)

################
Résolution 26

Permutations:
1 -> 10
2 -> 9
3 -> 8
4 -> 20
5 -> 18
6 -> 65
7 -> 29
8 -> 61
9 -> 72
10 -> 40
11 -> 46
12 -> 16
13 -> 5
14 -> 38
15 -> 66
16 -> 15
17 -> 44
18 -> 1
19 -> 75
20 -> 57
21 -> 67
22 -> 55
23 -> 64
24 -> 60
25 -> 51
26 -> 33
27 -> 34
28 -> 73
29 -> 37
30 -> 63
31 -> 79
32 -> 14
33 -> 48
34 -> 17
35 -> 56
36 -> 30
37 -> 42
38 -> 23
39 -> 80
40 -> 74
41 -> 27
42 -> 28
43 -> 26
44 -> 52
45 -> 12
46 -> 24
47 -> 31
48 -> 58
49 -> 71
50 -> 35
51 -> 32
52 -> 49
53 -> 59
54 -> 13
55 -> 68
56 -> 47
57 -> 22
58 -> 11
59 -> 7
60 -> 77
61 -> 21
62 -> 69
63 -> 2
64 -> 19
65 -> 41
66 -> 6
67 -> 62
68 -> 45
69 -> 4
70 -> 3
71 -> 54
72 -> 70
73 -> 43
74 -> 36
75 -> 53
76 -> 78
77 -> 50
78 -> 76
79 -> 25
80 -> 39

Cycles:
(1 10 40 74 36 30 63 2 9 72 70 3 8 61 21 67 62 69 4 20 57 22 55 68 45 12 16 15 66 6 65 41 27 34 17 44 52 49 71 54 13 5 18)
(7 29 37 42 28 73 43 26 33 48 58 11 46 24 60 77 50 35 56 47 31 79 25 51 32 14 38 23 64 19 75 53 59)
(39 80)
(76 78)

Cycle à casser:
(39 80)

################
Résolution 27

Permutations:
1 -> 18
2 -> 63
3 -> 14
4 -> 20
5 -> 21
6 -> 66
7 -> 1
8 -> 3
9 -> 2
10 -> 40
11 -> 58
12 -> 45
13 -> 5
14 -> 38
15 -> 16
16 -> 12
17 -> 34
18 -> 60
19 -> 75
20 -> 57
21 -> 61
22 -> 55
23 -> 64
24 -> 46
25 -> 79
26 -> 43
27 -> 49
28 -> 42
29 -> 67
30 -> 32
31 -> 47
32 -> 51
33 -> 26
34 -> 27
35 -> 56
36 -> 30
37 -> 29
38 -> 23
39 -> 80
40 -> 74
41 -> 65
42 -> 37
43 -> 73
44 -> 17
45 -> 68
46 -> 11
47 -> 10
48 -> 33
49 -> 52
50 -> 77
51 -> 25
52 -> 44
53 -> 59
54 -> 13
55 -> 71
56 -> 35
57 -> 22
58 -> 48
59 -> 7
60 -> 24
61 -> 8
62 -> 69
63 -> 39
64 -> 19
65 -> 6
66 -> 15
67 -> 62
68 -> 70
69 -> 4
70 -> 72
71 -> 54
72 -> 9
73 -> 28
74 -> 36
75 -> 53
76 -> 78
77 -> 50
78 -> 76
79 -> 31
80 -> 41

Cycles:
(1 18 60 24 46 11 58 48 33 26 43 73 28 42 37 29 67 62 69 4 20 57 22 55 71 54 13 5 21 61 8 3 14 38 23 64 19 75 53 59 7)
(2 63 39 80 41 65 6 66 15 16 12 45 68 70 72 9)
(10 40 74 36 30 32 51 25 79 31 47)
(17 34 27 49 52 44)
(35 56)
(50 77)
(76 78)

Cycle à casser:
(35 56)

################
Résolution 28

Permutations:
1 -> 18
2 -> 63
3 -> 8
4 -> 69
5 -> 13
6 -> 66
7 -> 29
8 -> 61
9 -> 2
10 -> 1
11 -> 46
12 -> 45
13 -> 54
14 -> 3
15 -> 16
16 -> 12
17 -> 44
18 -> 5
19 -> 75
20 -> 4
21 -> 55
22 -> 57
23 -> 64
24 -> 60
25 -> 51
26 -> 33
27 -> 34
28 -> 73
29 -> 37
30 -> 36
31 -> 79
32 -> 14
33 -> 48
34 -> 17
35 -> 56
36 -> 74
37 -> 42
38 -> 23
39 -> 80
40 -> 10
41 -> 65
42 -> 28
43 -> 26
44 -> 52
45 -> 68
46 -> 24
47 -> 31
48 -> 58
49 -> 27
50 -> 35
51 -> 32
52 -> 49
53 -> 59
54 -> 71
55 -> 22
56 -> 47
57 -> 20
58 -> 11
59 -> 7
60 -> 77
61 -> 21
62 -> 67
63 -> 30
64 -> 19
65 -> 6
66 -> 15
67 -> 39
68 -> 70
69 -> 62
70 -> 72
71 -> 38
72 -> 9
73 -> 43
74 -> 40
75 -> 53
76 -> 78
77 -> 50
78 -> 76
79 -> 25
80 -> 41

Cycles:
(1 18 5 13 54 71 38 23 64 19 75 53 59 7 29 37 42 28 73 43 26 33 48 58 11 46 24 60 77 50 35 56 47 31 79 25 51 32 14 3 8 61 21 55 22 57 20 4 69 62 67 39 80 41 65 6 66 15 16 12 45 68 70 72 9 2 63 30 36 74 40 10)
(17 44 52 49 27 34)
(76 78)

Cycle à casser:
(76 78)

################
Résolution 29

Permutations:
1 -> 10
2 -> 9
3 -> 8
4 -> 20
5 -> 18
6 -> 65
7 -> 59
8 -> 61
9 -> 72
10 -> 40
11 -> 58
12 -> 16
13 -> 5
14 -> 3
15 -> 66
16 -> 15
17 -> 44
18 -> 1
19 -> 64
20 -> 71
21 -> 55
22 -> 76
23 -> 38
24 -> 46
25 -> 79
26 -> 43
27 -> 34
28 -> 42
29 -> 7
30 -> 32
31 -> 47
32 -> 51
33 -> 26
34 -> 17
35 -> 50
36 -> 30
37 -> 29
38 -> 14
39 -> 67
40 -> 74
41 -> 80
42 -> 37
43 -> 73
44 -> 52
45 -> 12
46 -> 11
47 -> 56
48 -> 33
49 -> 27
50 -> 49
51 -> 25
52 -> 24
53 -> 57
54 -> 13
55 -> 22
56 -> 35
57 -> 53
58 -> 48
59 -> 75
60 -> 77
61 -> 21
62 -> 69
63 -> 2
64 -> 23
65 -> 41
66 -> 6
67 -> 62
68 -> 45
69 -> 4
70 -> 68
71 -> 54
72 -> 70
73 -> 28
74 -> 36
75 -> 19
76 -> 78
77 -> 60
78 -> 63
79 -> 31
80 -> 39

Cycles:
(1 10 40 74 36 30 32 51 25 79 31 47 56 35 50 49 27 34 17 44 52 24 46 11 58 48 33 26 43 73 28 42 37 29 7 59 75 19 64 23 38 14 3 8 61 21 55 22 76 78 63 2 9 72 70 68 45 12 16 15 66 6 65 41 80 39 67 62 69 4 20 71 54 13 5 18)
(53 57)
(60 77)

Cycle à casser:
(53 57)

################
Résolution 30

Permutations:
1 -> 18
2 -> 9
3 -> 8
4 -> 20
5 -> 13
6 -> 65
7 -> 29
8 -> 61
9 -> 72
10 -> 1
11 -> 58
12 -> 16
13 -> 54
14 -> 3
15 -> 66
16 -> 15
17 -> 34
18 -> 5
19 -> 64
20 -> 57
21 -> 67
22 -> 76
23 -> 38
24 -> 46
25 -> 51
26 -> 33
27 -> 49
28 -> 73
29 -> 37
30 -> 36
31 -> 47
32 -> 30
33 -> 75
34 -> 27
35 -> 50
36 -> 74
37 -> 42
38 -> 14
39 -> 31
40 -> 10
41 -> 80
42 -> 28
43 -> 26
44 -> 17
45 -> 12
46 -> 11
47 -> 56
48 -> 79
49 -> 52
50 -> 77
51 -> 32
52 -> 44
53 -> 59
54 -> 71
55 -> 22
56 -> 35
57 -> 53
58 -> 48
59 -> 7
60 -> 24
61 -> 21
62 -> 69
63 -> 2
64 -> 23
65 -> 41
66 -> 6
67 -> 62
68 -> 45
69 -> 4
70 -> 68
71 -> 55
72 -> 70
73 -> 43
74 -> 40
75 -> 19
76 -> 78
77 -> 60
78 -> 63
79 -> 25
80 -> 39

Cycles:
(1 18 5 13 54 71 55 22 76 78 63 2 9 72 70 68 45 12 16 15 66 6 65 41 80 39 31 47 56 35 50 77 60 24 46 11 58 48 79 25 51 32 30 36 74 40 10)
(3 8 61 21 67 62 69 4 20 57 53 59 7 29 37 42 28 73 43 26 33 75 19 64 23 38 14)
(17 34 27 49 52 44)

Cycle à casser:
(17 34 27 49 52 44)

################
Résolution 31

Permutations:
1 -> 18
2 -> 63
3 -> 70
4 -> 69
5 -> 13
6 -> 65
7 -> 29
8 -> 3
9 -> 2
10 -> 1
11 -> 46
12 -> 16
13 -> 54
14 -> 38
15 -> 66
16 -> 15
17 -> 44
18 -> 5
19 -> 75
20 -> 4
21 -> 61
22 -> 57
23 -> 64
24 -> 60
25 -> 51
26 -> 33
27 -> 34
28 -> 73
29 -> 37
30 -> 36
31 -> 79
32 -> 14
33 -> 48
34 -> 17
35 -> 56
36 -> 74
37 -> 42
38 -> 23
39 -> 67
40 -> 10
41 -> 80
42 -> 28
43 -> 26
44 -> 52
45 -> 12
46 -> 24
47 -> 31
48 -> 58
49 -> 27
50 -> 35
51 -> 32
52 -> 49
53 -> 59
54 -> 71
55 -> 68
56 -> 47
57 -> 20
58 -> 11
59 -> 7
60 -> 77
61 -> 8
62 -> 78
63 -> 30
64 -> 19
65 -> 41
66 -> 6
67 -> 21
68 -> 45
69 -> 62
70 -> 72
71 -> 55
72 -> 9
73 -> 43
74 -> 40
75 -> 53
76 -> 22
77 -> 50
78 -> 76
79 -> 25
80 -> 39

Cycles:
(1 18 5 13 54 71 55 68 45 12 16 15 66 6 65 41 80 39 67 21 61 8 3 70 72 9 2 63 30 36 74 40 10)
(4 69 62 78 76 22 57 20)
(7 29 37 42 28 73 43 26 33 48 58 11 46 24 60 77 50 35 56 47 31 79 25 51 32 14 38 23 64 19 75 53 59)
(17 44 52 49 27 34)

Cycle à casser:
(17 44 52 49 27 34)

################
Résolution 32

Permutations:
1 -> 18
2 -> 9
3 -> 8
4 -> 20
5 -> 13
6 -> 65
7 -> 29
8 -> 61
9 -> 72
10 -> 1
11 -> 46
12 -> 16
13 -> 54
14 -> 3
15 -> 66
16 -> 15
17 -> 34
18 -> 5
19 -> 64
20 -> 57
21 -> 19
22 -> 76
23 -> 38
24 -> 52
25 -> 51
26 -> 33
27 -> 49
28 -> 73
29 -> 37
30 -> 36
31 -> 79
32 -> 30
33 -> 48
34 -> 27
35 -> 56
36 -> 74
37 -> 42
38 -> 14
39 -> 67
40 -> 10
41 -> 80
42 -> 28
43 -> 26
44 -> 17
45 -> 12
46 -> 24
47 -> 31
48 -> 58
49 -> 50
50 -> 35
51 -> 32
52 -> 44
53 -> 75
54 -> 71
55 -> 22
56 -> 47
57 -> 53
58 -> 11
59 -> 7
60 -> 77
61 -> 21
62 -> 69
63 -> 2
64 -> 23
65 -> 41
66 -> 6
67 -> 62
68 -> 45
69 -> 4
70 -> 68
71 -> 55
72 -> 70
73 -> 43
74 -> 40
75 -> 59
76 -> 78
77 -> 60
78 -> 63
79 -> 25
80 -> 39

Cycles:
(1 18 5 13 54 71 55 22 76 78 63 2 9 72 70 68 45 12 16 15 66 6 65 41 80 39 67 62 69 4 20 57 53 75 59 7 29 37 42 28 73 43 26 33 48 58 11 46 24 52 44 17 34 27 49 50 35 56 47 31 79 25 51 32 30 36 74 40 10)
(3 8 61 21 19 64 23 38 14)
(60 77)

Cycle à casser:
(60 77)

################
Résolution 33

Permutations:
1 -> 18
2 -> 63
3 -> 14
4 -> 20
5 -> 13
6 -> 65
7 -> 29
8 -> 3
9 -> 2
10 -> 1
11 -> 46
12 -> 16
13 -> 54
14 -> 38
15 -> 66
16 -> 15
17 -> 44
18 -> 5
19 -> 75
20 -> 57
21 -> 61
22 -> 55
23 -> 64
24 -> 60
25 -> 51
26 -> 43
27 -> 34
28 -> 73
29 -> 37
30 -> 36
31 -> 79
32 -> 30
33 -> 48
34 -> 17
35 -> 56
36 -> 74
37 -> 42
38 -> 23
39 -> 67
40 -> 10
41 -> 80
42 -> 70
43 -> 26
44 -> 52
45 -> 12
46 -> 21
47 -> 31
48 -> 58
49 -> 27
50 -> 35
51 -> 32
52 -> 24
53 -> 59
54 -> 71
55 -> 68
56 -> 47
57 -> 53
58 -> 11
59 -> 7
60 -> 77
61 -> 8
62 -> 69
63 -> 78
64 -> 19
65 -> 41
66 -> 6
67 -> 62
68 -> 45
69 -> 4
70 -> 72
71 -> 49
72 -> 9
73 -> 28
74 -> 40
75 -> 33
76 -> 22
77 -> 50
78 -> 76
79 -> 25
80 -> 39

Cycles:
(1 18 5 13 54 71 49 27 34 17 44 52 24 60 77 50 35 56 47 31 79 25 51 32 30 36 74 40 10)
(2 63 78 76 22 55 68 45 12 16 15 66 6 65 41 80 39 67 62 69 4 20 57 53 59 7 29 37 42 70 72 9)
(3 14 38 23 64 19 75 33 48 58 11 46 21 61 8)
(26 43)
(28 73)

Cycle à casser:
(26 43)

################
Résolution 34

Permutations:
1 -> 10
2 -> 9
3 -> 8
4 -> 69
5 -> 18
6 -> 65
7 -> 59
8 -> 61
9 -> 72
10 -> 40
11 -> 58
12 -> 16
13 -> 5
14 -> 32
15 -> 66
16 -> 15
17 -> 44
18 -> 1
19 -> 64
20 -> 4
21 -> 67
22 -> 55
23 -> 38
24 -> 46
25 -> 79
26 -> 43
27 -> 34
28 -> 42
29 -> 7
30 -> 63
31 -> 47
32 -> 51
33 -> 26
34 -> 17
35 -> 50
36 -> 30
37 -> 29
38 -> 14
39 -> 80
40 -> 74
41 -> 27
42 -> 37
43 -> 73
44 -> 52
45 -> 12
46 -> 11
47 -> 56
48 -> 33
49 -> 71
50 -> 77
51 -> 25
52 -> 49
53 -> 75
54 -> 13
55 -> 68
56 -> 35
57 -> 20
58 -> 48
59 -> 53
60 -> 24
61 -> 21
62 -> 78
63 -> 2
64 -> 23
65 -> 41
66 -> 6
67 -> 39
68 -> 45
69 -> 62
70 -> 3
71 -> 54
72 -> 70
73 -> 28
74 -> 36
75 -> 19
76 -> 22
77 -> 60
78 -> 76
79 -> 31
80 -> 57

Cycles:
(1 10 40 74 36 30 63 2 9 72 70 3 8 61 21 67 39 80 57 20 4 69 62 78 76 22 55 68 45 12 16 15 66 6 65 41 27 34 17 44 52 49 71 54 13 5 18)
(7 59 53 75 19 64 23 38 14 32 51 25 79 31 47 56 35 50 77 60 24 46 11 58 48 33 26 43 73 28 42 37 29)

Cycle à casser:
(7 59 53 75 19 64 23 38 14 32 51 25 79 31 47 56 35 50 77 60 24 46 11 58 48 33 26 43 73 28 42 37 29)

################
Résolution 35

Permutations:
1 -> 10
2 -> 9
3 -> 8
4 -> 20
5 -> 13
6 -> 66
7 -> 59
8 -> 61
9 -> 72
10 -> 40
11 -> 58
12 -> 45
13 -> 54
14 -> 32
15 -> 16
16 -> 12
17 -> 44
18 -> 1
19 -> 64
20 -> 57
21 -> 5
22 -> 76
23 -> 38
24 -> 46
25 -> 79
26 -> 43
27 -> 34
28 -> 42
29 -> 7
30 -> 63
31 -> 47
32 -> 51
33 -> 26
34 -> 17
35 -> 50
36 -> 30
37 -> 29
38 -> 14
39 -> 67
40 -> 74
41 -> 65
42 -> 37
43 -> 73
44 -> 52
45 -> 68
46 -> 11
47 -> 56
48 -> 33
49 -> 27
50 -> 77
51 -> 25
52 -> 24
53 -> 75
54 -> 71
55 -> 22
56 -> 35
57 -> 80
58 -> 48
59 -> 53
60 -> 18
61 -> 21
62 -> 69
63 -> 2
64 -> 23
65 -> 6
66 -> 15
67 -> 39
68 -> 55
69 -> 4
70 -> 3
71 -> 49
72 -> 70
73 -> 28
74 -> 36
75 -> 19
76 -> 78
77 -> 60
78 -> 62
79 -> 31
80 -> 41

Cycles:
(1 10 40 74 36 30 63 2 9 72 70 3 8 61 21 5 13 54 71 49 27 34 17 44 52 24 46 11 58 48 33 26 43 73 28 42 37 29 7 59 53 75 19 64 23 38 14 32 51 25 79 31 47 56 35 50 77 60 18)
(4 20 57 80 41 65 6 66 15 16 12 45 68 55 22 76 78 62 69)
(39 67)

Cycle à casser:
(39 67)

################
Résolution 36

Permutations:
1 -> 18
2 -> 63
3 -> 14
4 -> 69
5 -> 13
6 -> 66
7 -> 29
8 -> 3
9 -> 2
10 -> 1
11 -> 46
12 -> 45
13 -> 54
14 -> 38
15 -> 16
16 -> 12
17 -> 34
18 -> 5
19 -> 75
20 -> 4
21 -> 61
22 -> 55
23 -> 64
24 -> 60
25 -> 51
26 -> 33
27 -> 41
28 -> 73
29 -> 37
30 -> 36
31 -> 79
32 -> 30
33 -> 48
34 -> 27
35 -> 56
36 -> 74
37 -> 42
38 -> 23
39 -> 80
40 -> 10
41 -> 65
42 -> 28
43 -> 26
44 -> 17
45 -> 68
46 -> 24
47 -> 31
48 -> 58
49 -> 52
50 -> 35
51 -> 32
52 -> 44
53 -> 59
54 -> 71
55 -> 21
56 -> 47
57 -> 20
58 -> 11
59 -> 7
60 -> 77
61 -> 8
62 -> 67
63 -> 78
64 -> 19
65 -> 6
66 -> 15
67 -> 39
68 -> 70
69 -> 62
70 -> 72
71 -> 49
72 -> 9
73 -> 43
74 -> 40
75 -> 53
76 -> 22
77 -> 50
78 -> 76
79 -> 25
80 -> 57

Cycles:
(1 18 5 13 54 71 49 52 44 17 34 27 41 65 6 66 15 16 12 45 68 70 72 9 2 63 78 76 22 55 21 61 8 3 14 38 23 64 19 75 53 59 7 29 37 42 28 73 43 26 33 48 58 11 46 24 60 77 50 35 56 47 31 79 25 51 32 30 36 74 40 10)
(4 69 62 67 39 80 57 20)

Cycle à casser:
(4 69 62 67 39 80 57 20)

################
Résolution 37

Permutations:
1 -> 10
2 -> 9
3 -> 8
4 -> 20
5 -> 18
6 -> 65
7 -> 48
8 -> 61
9 -> 72
10 -> 40
11 -> 46
12 -> 16
13 -> 5
14 -> 3
15 -> 66
16 -> 15
17 -> 34
18 -> 1
19 -> 64
20 -> 57
21 -> 55
22 -> 76
23 -> 38
24 -> 60
25 -> 51
26 -> 33
27 -> 49
28 -> 73
29 -> 37
30 -> 63
31 -> 79
32 -> 17
33 -> 75
34 -> 27
35 -> 56
36 -> 30
37 -> 42
38 -> 14
39 -> 67
40 -> 74
41 -> 80
42 -> 28
43 -> 26
44 -> 52
45 -> 12
46 -> 24
47 -> 31
48 -> 58
49 -> 71
50 -> 35
51 -> 32
52 -> 44
53 -> 59
54 -> 13
55 -> 22
56 -> 47
57 -> 53
58 -> 11
59 -> 7
60 -> 77
61 -> 21
62 -> 69
63 -> 2
64 -> 23
65 -> 41
66 -> 6
67 -> 29
68 -> 45
69 -> 4
70 -> 68
71 -> 54
72 -> 70
73 -> 43
74 -> 36
75 -> 19
76 -> 78
77 -> 50
78 -> 62
79 -> 25
80 -> 39

Cycles:
(1 10 40 74 36 30 63 2 9 72 70 68 45 12 16 15 66 6 65 41 80 39 67 29 37 42 28 73 43 26 33 75 19 64 23 38 14 3 8 61 21 55 22 76 78 62 69 4 20 57 53 59 7 48 58 11 46 24 60 77 50 35 56 47 31 79 25 51 32 17 34 27 49 71 54 13 5 18)
(44 52)

Cycle à casser:
(44 52)

################
Résolution 38

Permutations:
1 -> 10
2 -> 9
3 -> 8
4 -> 69
5 -> 18
6 -> 65
7 -> 29
8 -> 61
9 -> 72
10 -> 40
11 -> 46
12 -> 16
13 -> 5
14 -> 38
15 -> 66
16 -> 15
17 -> 44
18 -> 1
19 -> 75
20 -> 4
21 -> 67
22 -> 55
23 -> 64
24 -> 60
25 -> 51
26 -> 33
27 -> 34
28 -> 73
29 -> 37
30 -> 63
31 -> 79
32 -> 14
33 -> 48
34 -> 17
35 -> 56
36 -> 30
37 -> 42
38 -> 23
39 -> 80
40 -> 74
41 -> 27
42 -> 28
43 -> 26
44 -> 52
45 -> 12
46 -> 24
47 -> 31
48 -> 58
49 -> 71
50 -> 35
51 -> 32
52 -> 49
53 -> 59
54 -> 13
55 -> 68
56 -> 47
57 -> 20
58 -> 11
59 -> 7
60 -> 77
61 -> 21
62 -> 78
63 -> 2
64 -> 19
65 -> 41
66 -> 6
67 -> 39
68 -> 45
69 -> 62
70 -> 3
71 -> 54
72 -> 70
73 -> 43
74 -> 36
75 -> 53
76 -> 22
77 -> 50
78 -> 76
79 -> 25
80 -> 57

Cycles:
(1 10 40 74 36 30 63 2 9 72 70 3 8 61 21 67 39 80 57 20 4 69 62 78 76 22 55 68 45 12 16 15 66 6 65 41 27 34 17 44 52 49 71 54 13 5 18)
(7 29 37 42 28 73 43 26 33 48 58 11 46 24 60 77 50 35 56 47 31 79 25 51 32 14 38 23 64 19 75 53 59)

Cycle à casser:
(7 29 37 42 28 73 43 26 33 48 58 11 46 24 60 77 50 35 56 47 31 79 25 51 32 14 38 23 64 19 75 53 59)

################
Résolution 39

Permutations:
1 -> 18
2 -> 63
3 -> 70
4 -> 69
5 -> 13
6 -> 65
7 -> 59
8 -> 3
9 -> 2
10 -> 1
11 -> 46
12 -> 16
13 -> 54
14 -> 38
15 -> 66
16 -> 15
17 -> 44
18 -> 5
19 -> 75
20 -> 4
21 -> 61
22 -> 55
23 -> 64
24 -> 60
25 -> 51
26 -> 33
27 -> 34
28 -> 73
29 -> 37
30 -> 36
31 -> 79
32 -> 14
33 -> 48
34 -> 17
35 -> 56
36 -> 74
37 -> 42
38 -> 23
39 -> 67
40 -> 10
41 -> 80
42 -> 28
43 -> 26
44 -> 52
45 -> 12
46 -> 21
47 -> 31
48 -> 58
49 -> 27
50 -> 35
51 -> 32
52 -> 24
53 -> 57
54 -> 71
55 -> 68
56 -> 47
57 -> 20
58 -> 11
59 -> 53
60 -> 77
61 -> 8
62 -> 78
63 -> 30
64 -> 19
65 -> 41
66 -> 6
67 -> 29
68 -> 45
69 -> 62
70 -> 72
71 -> 49
72 -> 9
73 -> 43
74 -> 40
75 -> 7
76 -> 22
77 -> 50
78 -> 76
79 -> 25
80 -> 39

Cycles:
(1 18 5 13 54 71 49 27 34 17 44 52 24 60 77 50 35 56 47 31 79 25 51 32 14 38 23 64 19 75 7 59 53 57 20 4 69 62 78 76 22 55 68 45 12 16 15 66 6 65 41 80 39 67 29 37 42 28 73 43 26 33 48 58 11 46 21 61 8 3 70 72 9 2 63 30 36 74 40 10)

z = 183

Résultat :
-----------
Temps (secondes) : 8.052
Nombre d'appels à GPLK : 39
Nombre d'appels à realloc (/3) : 1
Nombre de contraintes ajoutées : 198
Writing problem data to './plat/plat80.dat.lp'...
15971 lines were written
