################
Résolution 1

Permutations:
1 -> 21
2 -> 32
3 -> 37
4 -> 27
5 -> 30
6 -> 52
7 -> 50
8 -> 56
9 -> 46
10 -> 35
11 -> 40
12 -> 44
13 -> 39
14 -> 36
15 -> 24
16 -> 38
17 -> 58
18 -> 20
19 -> 42
20 -> 18
21 -> 1
22 -> 41
23 -> 45
24 -> 15
25 -> 60
26 -> 48
27 -> 4
28 -> 49
29 -> 43
30 -> 5
31 -> 47
32 -> 2
33 -> 54
34 -> 59
35 -> 10
36 -> 14
37 -> 3
38 -> 16
39 -> 13
40 -> 11
41 -> 22
42 -> 19
43 -> 29
44 -> 12
45 -> 23
46 -> 9
47 -> 31
48 -> 26
49 -> 28
50 -> 7
51 -> 55
52 -> 6
53 -> 57
54 -> 33
55 -> 51
56 -> 8
57 -> 53
58 -> 17
59 -> 34
60 -> 25

Cycles:
(1 21)
(2 32)
(3 37)
(4 27)
(5 30)
(6 52)
(7 50)
(8 56)
(9 46)
(10 35)
(11 40)
(12 44)
(13 39)
(14 36)
(15 24)
(16 38)
(17 58)
(18 20)
(19 42)
(22 41)
(23 45)
(25 60)
(26 48)
(28 49)
(29 43)
(31 47)
(33 54)
(34 59)
(51 55)
(53 57)

Cycle à casser:
(1 21)

################
Résolution 2

Permutations:
1 -> 21
2 -> 32
3 -> 37
4 -> 27
5 -> 30
6 -> 52
7 -> 50
8 -> 56
9 -> 46
10 -> 35
11 -> 40
12 -> 44
13 -> 39
14 -> 36
15 -> 24
16 -> 38
17 -> 58
18 -> 25
19 -> 42
20 -> 18
21 -> 11
22 -> 41
23 -> 45
24 -> 15
25 -> 60
26 -> 48
27 -> 4
28 -> 49
29 -> 43
30 -> 5
31 -> 47
32 -> 2
33 -> 54
34 -> 59
35 -> 10
36 -> 14
37 -> 20
38 -> 1
39 -> 13
40 -> 8
41 -> 22
42 -> 19
43 -> 29
44 -> 12
45 -> 23
46 -> 9
47 -> 31
48 -> 26
49 -> 28
50 -> 7
51 -> 55
52 -> 3
53 -> 57
54 -> 33
55 -> 51
56 -> 6
57 -> 53
58 -> 17
59 -> 34
60 -> 16

Cycles:
(1 21 11 40 8 56 6 52 3 37 20 18 25 60 16 38)
(2 32)
(4 27)
(5 30)
(7 50)
(9 46)
(10 35)
(12 44)
(13 39)
(14 36)
(15 24)
(17 58)
(19 42)
(22 41)
(23 45)
(26 48)
(28 49)
(29 43)
(31 47)
(33 54)
(34 59)
(51 55)
(53 57)

Cycle à casser:
(2 32)

################
Résolution 3

Permutations:
1 -> 21
2 -> 13
3 -> 37
4 -> 27
5 -> 30
6 -> 52
7 -> 50
8 -> 56
9 -> 32
10 -> 35
11 -> 40
12 -> 44
13 -> 39
14 -> 36
15 -> 24
16 -> 38
17 -> 58
18 -> 25
19 -> 42
20 -> 18
21 -> 11
22 -> 41
23 -> 45
24 -> 15
25 -> 60
26 -> 48
27 -> 4
28 -> 49
29 -> 43
30 -> 5
31 -> 47
32 -> 2
33 -> 54
34 -> 59
35 -> 10
36 -> 14
37 -> 20
38 -> 1
39 -> 46
40 -> 8
41 -> 22
42 -> 19
43 -> 29
44 -> 12
45 -> 23
46 -> 9
47 -> 31
48 -> 26
49 -> 28
50 -> 7
51 -> 55
52 -> 3
53 -> 57
54 -> 33
55 -> 51
56 -> 6
57 -> 53
58 -> 17
59 -> 34
60 -> 16

Cycles:
(1 21 11 40 8 56 6 52 3 37 20 18 25 60 16 38)
(2 13 39 46 9 32)
(4 27)
(5 30)
(7 50)
(10 35)
(12 44)
(14 36)
(15 24)
(17 58)
(19 42)
(22 41)
(23 45)
(26 48)
(28 49)
(29 43)
(31 47)
(33 54)
(34 59)
(51 55)
(53 57)

Cycle à casser:
(4 27)

################
Résolution 4

Permutations:
1 -> 38
2 -> 13
3 -> 52
4 -> 27
5 -> 30
6 -> 56
7 -> 50
8 -> 40
9 -> 46
10 -> 35
11 -> 21
12 -> 44
13 -> 39
14 -> 36
15 -> 24
16 -> 60
17 -> 32
18 -> 20
19 -> 42
20 -> 37
21 -> 1
22 -> 41
23 -> 45
24 -> 15
25 -> 18
26 -> 48
27 -> 33
28 -> 49
29 -> 43
30 -> 5
31 -> 47
32 -> 2
33 -> 54
34 -> 59
35 -> 10
36 -> 14
37 -> 3
38 -> 16
39 -> 26
40 -> 11
41 -> 22
42 -> 19
43 -> 29
44 -> 12
45 -> 23
46 -> 9
47 -> 31
48 -> 4
49 -> 28
50 -> 7
51 -> 55
52 -> 6
53 -> 57
54 -> 58
55 -> 51
56 -> 8
57 -> 53
58 -> 17
59 -> 34
60 -> 25

Cycles:
(1 38 16 60 25 18 20 37 3 52 6 56 8 40 11 21)
(2 13 39 26 48 4 27 33 54 58 17 32)
(5 30)
(7 50)
(9 46)
(10 35)
(12 44)
(14 36)
(15 24)
(19 42)
(22 41)
(23 45)
(28 49)
(29 43)
(31 47)
(34 59)
(51 55)
(53 57)

Cycle à casser:
(5 30)

################
Résolution 5

Permutations:
1 -> 21
2 -> 32
3 -> 37
4 -> 48
5 -> 30
6 -> 56
7 -> 50
8 -> 3
9 -> 46
10 -> 35
11 -> 40
12 -> 44
13 -> 2
14 -> 36
15 -> 24
16 -> 38
17 -> 58
18 -> 25
19 -> 52
20 -> 18
21 -> 11
22 -> 41
23 -> 45
24 -> 15
25 -> 60
26 -> 39
27 -> 4
28 -> 49
29 -> 43
30 -> 42
31 -> 47
32 -> 17
33 -> 27
34 -> 59
35 -> 10
36 -> 14
37 -> 20
38 -> 1
39 -> 13
40 -> 5
41 -> 22
42 -> 19
43 -> 29
44 -> 12
45 -> 23
46 -> 9
47 -> 31
48 -> 26
49 -> 28
50 -> 7
51 -> 55
52 -> 6
53 -> 57
54 -> 33
55 -> 51
56 -> 8
57 -> 53
58 -> 54
59 -> 34
60 -> 16

Cycles:
(1 21 11 40 5 30 42 19 52 6 56 8 3 37 20 18 25 60 16 38)
(2 32 17 58 54 33 27 4 48 26 39 13)
(7 50)
(9 46)
(10 35)
(12 44)
(14 36)
(15 24)
(22 41)
(23 45)
(28 49)
(29 43)
(31 47)
(34 59)
(51 55)
(53 57)

Cycle à casser:
(7 50)

################
Résolution 6

Permutations:
1 -> 21
2 -> 13
3 -> 37
4 -> 27
5 -> 30
6 -> 56
7 -> 50
8 -> 3
9 -> 32
10 -> 35
11 -> 40
12 -> 44
13 -> 39
14 -> 36
15 -> 24
16 -> 38
17 -> 58
18 -> 25
19 -> 52
20 -> 18
21 -> 11
22 -> 41
23 -> 45
24 -> 15
25 -> 60
26 -> 48
27 -> 14
28 -> 49
29 -> 43
30 -> 42
31 -> 47
32 -> 2
33 -> 54
34 -> 59
35 -> 10
36 -> 7
37 -> 20
38 -> 1
39 -> 46
40 -> 5
41 -> 22
42 -> 19
43 -> 29
44 -> 12
45 -> 23
46 -> 9
47 -> 26
48 -> 4
49 -> 28
50 -> 31
51 -> 55
52 -> 6
53 -> 57
54 -> 33
55 -> 51
56 -> 8
57 -> 53
58 -> 17
59 -> 34
60 -> 16

Cycles:
(1 21 11 40 5 30 42 19 52 6 56 8 3 37 20 18 25 60 16 38)
(2 13 39 46 9 32)
(4 27 14 36 7 50 31 47 26 48)
(10 35)
(12 44)
(15 24)
(17 58)
(22 41)
(23 45)
(28 49)
(29 43)
(33 54)
(34 59)
(51 55)
(53 57)

Cycle à casser:
(10 35)

################
Résolution 7

Permutations:
1 -> 21
2 -> 32
3 -> 37
4 -> 48
5 -> 30
6 -> 52
7 -> 36
8 -> 56
9 -> 46
10 -> 25
11 -> 40
12 -> 44
13 -> 2
14 -> 27
15 -> 24
16 -> 38
17 -> 58
18 -> 20
19 -> 35
20 -> 18
21 -> 11
22 -> 41
23 -> 45
24 -> 15
25 -> 60
26 -> 47
27 -> 4
28 -> 49
29 -> 43
30 -> 42
31 -> 50
32 -> 9
33 -> 54
34 -> 59
35 -> 10
36 -> 14
37 -> 3
38 -> 1
39 -> 13
40 -> 5
41 -> 22
42 -> 19
43 -> 29
44 -> 12
45 -> 23
46 -> 39
47 -> 31
48 -> 26
49 -> 28
50 -> 7
51 -> 55
52 -> 6
53 -> 57
54 -> 33
55 -> 51
56 -> 8
57 -> 53
58 -> 17
59 -> 34
60 -> 16

Cycles:
(1 21 11 40 5 30 42 19 35 10 25 60 16 38)
(2 32 9 46 39 13)
(3 37)
(4 48 26 47 31 50 7 36 14 27)
(6 52)
(8 56)
(12 44)
(15 24)
(17 58)
(18 20)
(22 41)
(23 45)
(28 49)
(29 43)
(33 54)
(34 59)
(51 55)
(53 57)

Cycle à casser:
(3 37)

################
Résolution 8

Permutations:
1 -> 21
2 -> 32
3 -> 37
4 -> 48
5 -> 30
6 -> 56
7 -> 36
8 -> 3
9 -> 46
10 -> 35
11 -> 40
12 -> 44
13 -> 2
14 -> 27
15 -> 24
16 -> 38
17 -> 58
18 -> 25
19 -> 52
20 -> 18
21 -> 11
22 -> 41
23 -> 45
24 -> 15
25 -> 60
26 -> 47
27 -> 4
28 -> 49
29 -> 43
30 -> 42
31 -> 50
32 -> 9
33 -> 10
34 -> 59
35 -> 34
36 -> 14
37 -> 20
38 -> 1
39 -> 13
40 -> 5
41 -> 22
42 -> 19
43 -> 29
44 -> 12
45 -> 54
46 -> 39
47 -> 31
48 -> 26
49 -> 28
50 -> 7
51 -> 55
52 -> 6
53 -> 57
54 -> 33
55 -> 51
56 -> 8
57 -> 53
58 -> 17
59 -> 23
60 -> 16

Cycles:
(1 21 11 40 5 30 42 19 52 6 56 8 3 37 20 18 25 60 16 38)
(2 32 9 46 39 13)
(4 48 26 47 31 50 7 36 14 27)
(10 35 34 59 23 45 54 33)
(12 44)
(15 24)
(17 58)
(22 41)
(28 49)
(29 43)
(51 55)
(53 57)

Cycle à casser:
(12 44)

################
Résolution 9

Permutations:
1 -> 38
2 -> 13
3 -> 8
4 -> 27
5 -> 40
6 -> 52
7 -> 50
8 -> 56
9 -> 32
10 -> 25
11 -> 21
12 -> 59
13 -> 39
14 -> 36
15 -> 24
16 -> 60
17 -> 58
18 -> 20
19 -> 42
20 -> 37
21 -> 1
22 -> 41
23 -> 45
24 -> 15
25 -> 18
26 -> 48
27 -> 14
28 -> 49
29 -> 43
30 -> 5
31 -> 47
32 -> 2
33 -> 54
34 -> 35
35 -> 10
36 -> 7
37 -> 3
38 -> 44
39 -> 46
40 -> 11
41 -> 22
42 -> 30
43 -> 29
44 -> 12
45 -> 23
46 -> 9
47 -> 26
48 -> 4
49 -> 28
50 -> 31
51 -> 55
52 -> 19
53 -> 57
54 -> 33
55 -> 51
56 -> 6
57 -> 53
58 -> 17
59 -> 34
60 -> 16

Cycles:
(1 38 44 12 59 34 35 10 25 18 20 37 3 8 56 6 52 19 42 30 5 40 11 21)
(2 13 39 46 9 32)
(4 27 14 36 7 50 31 47 26 48)
(15 24)
(16 60)
(17 58)
(22 41)
(23 45)
(28 49)
(29 43)
(33 54)
(51 55)
(53 57)

Cycle à casser:
(15 24)

################
Résolution 10

Permutations:
1 -> 21
2 -> 32
3 -> 52
4 -> 27
5 -> 30
6 -> 56
7 -> 50
8 -> 3
9 -> 46
10 -> 35
11 -> 40
12 -> 44
13 -> 2
14 -> 36
15 -> 51
16 -> 60
17 -> 58
18 -> 25
19 -> 24
20 -> 37
21 -> 11
22 -> 41
23 -> 45
24 -> 15
25 -> 18
26 -> 48
27 -> 14
28 -> 49
29 -> 43
30 -> 42
31 -> 47
32 -> 17
33 -> 10
34 -> 59
35 -> 34
36 -> 7
37 -> 20
38 -> 1
39 -> 13
40 -> 5
41 -> 22
42 -> 19
43 -> 29
44 -> 38
45 -> 23
46 -> 39
47 -> 26
48 -> 4
49 -> 28
50 -> 31
51 -> 55
52 -> 6
53 -> 57
54 -> 33
55 -> 53
56 -> 8
57 -> 9
58 -> 54
59 -> 12
60 -> 16

Cycles:
(1 21 11 40 5 30 42 19 24 15 51 55 53 57 9 46 39 13 2 32 17 58 54 33 10 35 34 59 12 44 38)
(3 52 6 56 8)
(4 27 14 36 7 50 31 47 26 48)
(16 60)
(18 25)
(20 37)
(22 41)
(23 45)
(28 49)
(29 43)

Cycle à casser:
(16 60)

################
Résolution 11

Permutations:
1 -> 21
2 -> 13
3 -> 8
4 -> 27
5 -> 30
6 -> 52
7 -> 50
8 -> 56
9 -> 32
10 -> 35
11 -> 40
12 -> 44
13 -> 39
14 -> 36
15 -> 51
16 -> 60
17 -> 58
18 -> 20
19 -> 24
20 -> 37
21 -> 11
22 -> 41
23 -> 45
24 -> 15
25 -> 18
26 -> 48
27 -> 14
28 -> 49
29 -> 43
30 -> 42
31 -> 47
32 -> 2
33 -> 10
34 -> 59
35 -> 34
36 -> 7
37 -> 38
38 -> 1
39 -> 46
40 -> 5
41 -> 22
42 -> 19
43 -> 29
44 -> 16
45 -> 54
46 -> 9
47 -> 26
48 -> 4
49 -> 28
50 -> 31
51 -> 55
52 -> 3
53 -> 57
54 -> 33
55 -> 23
56 -> 6
57 -> 53
58 -> 17
59 -> 12
60 -> 25

Cycles:
(1 21 11 40 5 30 42 19 24 15 51 55 23 45 54 33 10 35 34 59 12 44 16 60 25 18 20 37 38)
(2 13 39 46 9 32)
(3 8 56 6 52)
(4 27 14 36 7 50 31 47 26 48)
(17 58)
(22 41)
(28 49)
(29 43)
(53 57)

Cycle à casser:
(17 58)

################
Résolution 12

Permutations:
1 -> 38
2 -> 32
3 -> 8
4 -> 48
5 -> 40
6 -> 52
7 -> 36
8 -> 56
9 -> 46
10 -> 33
11 -> 21
12 -> 59
13 -> 2
14 -> 27
15 -> 51
16 -> 60
17 -> 22
18 -> 20
19 -> 42
20 -> 37
21 -> 1
22 -> 41
23 -> 45
24 -> 15
25 -> 18
26 -> 47
27 -> 4
28 -> 49
29 -> 43
30 -> 5
31 -> 50
32 -> 9
33 -> 54
34 -> 35
35 -> 10
36 -> 14
37 -> 3
38 -> 44
39 -> 13
40 -> 11
41 -> 24
42 -> 30
43 -> 29
44 -> 12
45 -> 23
46 -> 39
47 -> 31
48 -> 26
49 -> 28
50 -> 7
51 -> 55
52 -> 19
53 -> 57
54 -> 58
55 -> 53
56 -> 6
57 -> 16
58 -> 17
59 -> 34
60 -> 25

Cycles:
(1 38 44 12 59 34 35 10 33 54 58 17 22 41 24 15 51 55 53 57 16 60 25 18 20 37 3 8 56 6 52 19 42 30 5 40 11 21)
(2 32 9 46 39 13)
(4 48 26 47 31 50 7 36 14 27)
(23 45)
(28 49)
(29 43)

Cycle à casser:
(23 45)

################
Résolution 13

Permutations:
1 -> 38
2 -> 13
3 -> 8
4 -> 48
5 -> 40
6 -> 52
7 -> 36
8 -> 56
9 -> 32
10 -> 33
11 -> 21
12 -> 59
13 -> 39
14 -> 27
15 -> 51
16 -> 60
17 -> 22
18 -> 20
19 -> 42
20 -> 37
21 -> 1
22 -> 41
23 -> 45
24 -> 15
25 -> 18
26 -> 47
27 -> 4
28 -> 49
29 -> 43
30 -> 5
31 -> 50
32 -> 2
33 -> 54
34 -> 35
35 -> 10
36 -> 14
37 -> 3
38 -> 16
39 -> 46
40 -> 11
41 -> 24
42 -> 30
43 -> 29
44 -> 12
45 -> 44
46 -> 9
47 -> 31
48 -> 26
49 -> 28
50 -> 7
51 -> 55
52 -> 19
53 -> 57
54 -> 58
55 -> 23
56 -> 6
57 -> 53
58 -> 17
59 -> 34
60 -> 25

Cycles:
(1 38 16 60 25 18 20 37 3 8 56 6 52 19 42 30 5 40 11 21)
(2 13 39 46 9 32)
(4 48 26 47 31 50 7 36 14 27)
(10 33 54 58 17 22 41 24 15 51 55 23 45 44 12 59 34 35)
(28 49)
(29 43)
(53 57)

Cycle à casser:
(28 49)

################
Résolution 14

Permutations:
1 -> 38
2 -> 13
3 -> 8
4 -> 27
5 -> 40
6 -> 52
7 -> 50
8 -> 56
9 -> 57
10 -> 33
11 -> 21
12 -> 44
13 -> 39
14 -> 36
15 -> 24
16 -> 60
17 -> 32
18 -> 20
19 -> 42
20 -> 37
21 -> 1
22 -> 41
23 -> 55
24 -> 35
25 -> 18
26 -> 48
27 -> 14
28 -> 49
29 -> 43
30 -> 5
31 -> 47
32 -> 2
33 -> 54
34 -> 59
35 -> 10
36 -> 7
37 -> 3
38 -> 16
39 -> 46
40 -> 11
41 -> 22
42 -> 30
43 -> 29
44 -> 45
45 -> 23
46 -> 9
47 -> 26
48 -> 4
49 -> 12
50 -> 31
51 -> 15
52 -> 19
53 -> 28
54 -> 58
55 -> 51
56 -> 6
57 -> 53
58 -> 17
59 -> 34
60 -> 25

Cycles:
(1 38 16 60 25 18 20 37 3 8 56 6 52 19 42 30 5 40 11 21)
(2 13 39 46 9 57 53 28 49 12 44 45 23 55 51 15 24 35 10 33 54 58 17 32)
(4 27 14 36 7 50 31 47 26 48)
(22 41)
(29 43)
(34 59)

Cycle à casser:
(22 41)

################
Résolution 15

Permutations:
1 -> 21
2 -> 13
3 -> 37
4 -> 48
5 -> 30
6 -> 56
7 -> 49
8 -> 3
9 -> 32
10 -> 33
11 -> 40
12 -> 59
13 -> 1
14 -> 36
15 -> 24
16 -> 44
17 -> 58
18 -> 20
19 -> 52
20 -> 18
21 -> 11
22 -> 17
23 -> 55
24 -> 41
25 -> 60
26 -> 47
27 -> 4
28 -> 53
29 -> 43
30 -> 42
31 -> 50
32 -> 2
33 -> 27
34 -> 35
35 -> 10
36 -> 14
37 -> 38
38 -> 16
39 -> 46
40 -> 5
41 -> 22
42 -> 19
43 -> 29
44 -> 12
45 -> 23
46 -> 39
47 -> 31
48 -> 26
49 -> 28
50 -> 7
51 -> 15
52 -> 6
53 -> 57
54 -> 45
55 -> 51
56 -> 8
57 -> 9
58 -> 54
59 -> 34
60 -> 25

Cycles:
(1 21 11 40 5 30 42 19 52 6 56 8 3 37 38 16 44 12 59 34 35 10 33 27 4 48 26 47 31 50 7 49 28 53 57 9 32 2 13)
(14 36)
(15 24 41 22 17 58 54 45 23 55 51)
(18 20)
(25 60)
(29 43)
(39 46)

Cycle à casser:
(14 36)

################
Résolution 16

Permutations:
1 -> 13
2 -> 32
3 -> 8
4 -> 27
5 -> 40
6 -> 52
7 -> 50
8 -> 56
9 -> 57
10 -> 33
11 -> 21
12 -> 44
13 -> 2
14 -> 36
15 -> 51
16 -> 38
17 -> 22
18 -> 20
19 -> 42
20 -> 18
21 -> 1
22 -> 41
23 -> 59
24 -> 15
25 -> 60
26 -> 48
27 -> 14
28 -> 49
29 -> 43
30 -> 5
31 -> 47
32 -> 9
33 -> 54
34 -> 35
35 -> 10
36 -> 7
37 -> 3
38 -> 37
39 -> 46
40 -> 11
41 -> 24
42 -> 30
43 -> 29
44 -> 45
45 -> 23
46 -> 39
47 -> 26
48 -> 4
49 -> 12
50 -> 31
51 -> 55
52 -> 19
53 -> 28
54 -> 58
55 -> 53
56 -> 6
57 -> 16
58 -> 17
59 -> 34
60 -> 25

Cycles:
(1 13 2 32 9 57 16 38 37 3 8 56 6 52 19 42 30 5 40 11 21)
(4 27 14 36 7 50 31 47 26 48)
(10 33 54 58 17 22 41 24 15 51 55 53 28 49 12 44 45 23 59 34 35)
(18 20)
(25 60)
(29 43)
(39 46)

Cycle à casser:
(18 20)

################
Résolution 17

Permutations:
1 -> 38
2 -> 32
3 -> 8
4 -> 48
5 -> 40
6 -> 52
7 -> 49
8 -> 56
9 -> 46
10 -> 35
11 -> 21
12 -> 44
13 -> 2
14 -> 27
15 -> 24
16 -> 60
17 -> 58
18 -> 20
19 -> 42
20 -> 37
21 -> 1
22 -> 36
23 -> 55
24 -> 41
25 -> 18
26 -> 47
27 -> 4
28 -> 53
29 -> 43
30 -> 5
31 -> 50
32 -> 17
33 -> 10
34 -> 59
35 -> 34
36 -> 14
37 -> 3
38 -> 16
39 -> 13
40 -> 11
41 -> 22
42 -> 30
43 -> 29
44 -> 45
45 -> 23
46 -> 39
47 -> 31
48 -> 26
49 -> 28
50 -> 7
51 -> 15
52 -> 19
53 -> 57
54 -> 33
55 -> 51
56 -> 6
57 -> 9
58 -> 54
59 -> 12
60 -> 25

Cycles:
(1 38 16 60 25 18 20 37 3 8 56 6 52 19 42 30 5 40 11 21)
(2 32 17 58 54 33 10 35 34 59 12 44 45 23 55 51 15 24 41 22 36 14 27 4 48 26 47 31 50 7 49 28 53 57 9 46 39 13)
(29 43)

Cycle à casser:
(29 43)

################
Résolution 18

Permutations:
1 -> 38
2 -> 13
3 -> 8
4 -> 48
5 -> 40
6 -> 52
7 -> 49
8 -> 56
9 -> 57
10 -> 33
11 -> 21
12 -> 59
13 -> 39
14 -> 27
15 -> 24
16 -> 60
17 -> 32
18 -> 20
19 -> 42
20 -> 37
21 -> 1
22 -> 36
23 -> 45
24 -> 41
25 -> 18
26 -> 47
27 -> 4
28 -> 53
29 -> 23
30 -> 5
31 -> 50
32 -> 2
33 -> 54
34 -> 35
35 -> 10
36 -> 14
37 -> 3
38 -> 43
39 -> 46
40 -> 11
41 -> 22
42 -> 30
43 -> 29
44 -> 12
45 -> 44
46 -> 9
47 -> 31
48 -> 26
49 -> 28
50 -> 7
51 -> 15
52 -> 19
53 -> 55
54 -> 58
55 -> 51
56 -> 6
57 -> 16
58 -> 17
59 -> 34
60 -> 25

Cycles:
(1 38 43 29 23 45 44 12 59 34 35 10 33 54 58 17 32 2 13 39 46 9 57 16 60 25 18 20 37 3 8 56 6 52 19 42 30 5 40 11 21)
(4 48 26 47 31 50 7 49 28 53 55 51 15 24 41 22 36 14 27)

Cycle à casser:
(4 48 26 47 31 50 7 49 28 53 55 51 15 24 41 22 36 14 27)

################
Résolution 19

Permutations:
1 -> 13
2 -> 32
3 -> 8
4 -> 27
5 -> 40
6 -> 52
7 -> 49
8 -> 56
9 -> 46
10 -> 35
11 -> 21
12 -> 44
13 -> 2
14 -> 36
15 -> 47
16 -> 60
17 -> 58
18 -> 20
19 -> 42
20 -> 37
21 -> 1
22 -> 41
23 -> 29
24 -> 15
25 -> 18
26 -> 48
27 -> 14
28 -> 53
29 -> 43
30 -> 5
31 -> 50
32 -> 17
33 -> 10
34 -> 59
35 -> 34
36 -> 22
37 -> 3
38 -> 16
39 -> 26
40 -> 11
41 -> 24
42 -> 30
43 -> 38
44 -> 45
45 -> 23
46 -> 39
47 -> 31
48 -> 4
49 -> 28
50 -> 7
51 -> 55
52 -> 19
53 -> 57
54 -> 33
55 -> 51
56 -> 6
57 -> 9
58 -> 54
59 -> 12
60 -> 25

Cycles:
(1 13 2 32 17 58 54 33 10 35 34 59 12 44 45 23 29 43 38 16 60 25 18 20 37 3 8 56 6 52 19 42 30 5 40 11 21)
(4 27 14 36 22 41 24 15 47 31 50 7 49 28 53 57 9 46 39 26 48)
(51 55)

Cycle à casser:
(51 55)

################
Résolution 20

Permutations:
1 -> 21
2 -> 13
3 -> 37
4 -> 27
5 -> 30
6 -> 56
7 -> 50
8 -> 3
9 -> 57
10 -> 33
11 -> 40
12 -> 59
13 -> 1
14 -> 36
15 -> 51
16 -> 38
17 -> 32
18 -> 25
19 -> 52
20 -> 18
21 -> 11
22 -> 41
23 -> 45
24 -> 15
25 -> 60
26 -> 48
27 -> 14
28 -> 49
29 -> 23
30 -> 42
31 -> 47
32 -> 2
33 -> 54
34 -> 35
35 -> 10
36 -> 22
37 -> 20
38 -> 43
39 -> 46
40 -> 5
41 -> 24
42 -> 19
43 -> 29
44 -> 12
45 -> 44
46 -> 39
47 -> 26
48 -> 4
49 -> 7
50 -> 31
51 -> 55
52 -> 6
53 -> 28
54 -> 58
55 -> 53
56 -> 8
57 -> 9
58 -> 17
59 -> 34
60 -> 16

Cycles:
(1 21 11 40 5 30 42 19 52 6 56 8 3 37 20 18 25 60 16 38 43 29 23 45 44 12 59 34 35 10 33 54 58 17 32 2 13)
(4 27 14 36 22 41 24 15 51 55 53 28 49 7 50 31 47 26 48)
(9 57)
(39 46)

Cycle à casser:
(9 57)

################
Résolution 21

Permutations:
1 -> 21
2 -> 32
3 -> 37
4 -> 27
5 -> 30
6 -> 56
7 -> 50
8 -> 3
9 -> 46
10 -> 35
11 -> 40
12 -> 44
13 -> 2
14 -> 36
15 -> 51
16 -> 57
17 -> 58
18 -> 25
19 -> 52
20 -> 18
21 -> 11
22 -> 41
23 -> 29
24 -> 15
25 -> 60
26 -> 48
27 -> 14
28 -> 49
29 -> 43
30 -> 42
31 -> 47
32 -> 17
33 -> 10
34 -> 59
35 -> 34
36 -> 22
37 -> 20
38 -> 1
39 -> 13
40 -> 5
41 -> 24
42 -> 19
43 -> 38
44 -> 45
45 -> 23
46 -> 39
47 -> 26
48 -> 4
49 -> 7
50 -> 31
51 -> 55
52 -> 6
53 -> 28
54 -> 33
55 -> 53
56 -> 8
57 -> 9
58 -> 54
59 -> 12
60 -> 16

Cycles:
(1 21 11 40 5 30 42 19 52 6 56 8 3 37 20 18 25 60 16 57 9 46 39 13 2 32 17 58 54 33 10 35 34 59 12 44 45 23 29 43 38)
(4 27 14 36 22 41 24 15 51 55 53 28 49 7 50 31 47 26 48)

Cycle à casser:
(4 27 14 36 22 41 24 15 51 55 53 28 49 7 50 31 47 26 48)

################
Résolution 22

Permutations:
1 -> 38
2 -> 13
3 -> 8
4 -> 50
5 -> 40
6 -> 52
7 -> 49
8 -> 56
9 -> 57
10 -> 33
11 -> 21
12 -> 59
13 -> 39
14 -> 27
15 -> 24
16 -> 60
17 -> 32
18 -> 20
19 -> 42
20 -> 37
21 -> 1
22 -> 36
23 -> 45
24 -> 41
25 -> 18
26 -> 48
27 -> 4
28 -> 53
29 -> 23
30 -> 5
31 -> 47
32 -> 2
33 -> 54
34 -> 35
35 -> 10
36 -> 14
37 -> 3
38 -> 43
39 -> 46
40 -> 11
41 -> 22
42 -> 30
43 -> 29
44 -> 12
45 -> 44
46 -> 9
47 -> 31
48 -> 26
49 -> 28
50 -> 7
51 -> 15
52 -> 19
53 -> 55
54 -> 58
55 -> 51
56 -> 6
57 -> 16
58 -> 17
59 -> 34
60 -> 25

Cycles:
(1 38 43 29 23 45 44 12 59 34 35 10 33 54 58 17 32 2 13 39 46 9 57 16 60 25 18 20 37 3 8 56 6 52 19 42 30 5 40 11 21)
(4 50 7 49 28 53 55 51 15 24 41 22 36 14 27)
(26 48)
(31 47)

Cycle à casser:
(26 48)

################
Résolution 23

Permutations:
1 -> 21
2 -> 13
3 -> 37
4 -> 48
5 -> 30
6 -> 56
7 -> 49
8 -> 3
9 -> 57
10 -> 33
11 -> 40
12 -> 59
13 -> 39
14 -> 27
15 -> 24
16 -> 60
17 -> 32
18 -> 20
19 -> 52
20 -> 31
21 -> 11
22 -> 36
23 -> 45
24 -> 41
25 -> 18
26 -> 47
27 -> 4
28 -> 53
29 -> 23
30 -> 42
31 -> 50
32 -> 2
33 -> 54
34 -> 35
35 -> 10
36 -> 14
37 -> 38
38 -> 1
39 -> 46
40 -> 5
41 -> 22
42 -> 19
43 -> 29
44 -> 12
45 -> 44
46 -> 9
47 -> 15
48 -> 26
49 -> 28
50 -> 7
51 -> 43
52 -> 6
53 -> 55
54 -> 58
55 -> 51
56 -> 8
57 -> 16
58 -> 17
59 -> 34
60 -> 25

Cycles:
(1 21 11 40 5 30 42 19 52 6 56 8 3 37 38)
(2 13 39 46 9 57 16 60 25 18 20 31 50 7 49 28 53 55 51 43 29 23 45 44 12 59 34 35 10 33 54 58 17 32)
(4 48 26 47 15 24 41 22 36 14 27)

Cycle à casser:
(4 48 26 47 15 24 41 22 36 14 27)

################
Résolution 24

Permutations:
1 -> 21
2 -> 32
3 -> 37
4 -> 27
5 -> 30
6 -> 52
7 -> 50
8 -> 3
9 -> 46
10 -> 35
11 -> 40
12 -> 44
13 -> 2
14 -> 36
15 -> 51
16 -> 57
17 -> 58
18 -> 25
19 -> 24
20 -> 18
21 -> 11
22 -> 41
23 -> 29
24 -> 15
25 -> 60
26 -> 48
27 -> 14
28 -> 49
29 -> 43
30 -> 42
31 -> 47
32 -> 17
33 -> 10
34 -> 59
35 -> 34
36 -> 22
37 -> 20
38 -> 1
39 -> 13
40 -> 5
41 -> 56
42 -> 19
43 -> 38
44 -> 45
45 -> 23
46 -> 39
47 -> 26
48 -> 4
49 -> 7
50 -> 31
51 -> 55
52 -> 6
53 -> 28
54 -> 33
55 -> 53
56 -> 8
57 -> 9
58 -> 54
59 -> 12
60 -> 16

Cycles:
(1 21 11 40 5 30 42 19 24 15 51 55 53 28 49 7 50 31 47 26 48 4 27 14 36 22 41 56 8 3 37 20 18 25 60 16 57 9 46 39 13 2 32 17 58 54 33 10 35 34 59 12 44 45 23 29 43 38)
(6 52)

Cycle à casser:
(6 52)

################
Résolution 25

Permutations:
1 -> 21
2 -> 32
3 -> 37
4 -> 27
5 -> 30
6 -> 56
7 -> 50
8 -> 3
9 -> 46
10 -> 35
11 -> 40
12 -> 44
13 -> 2
14 -> 36
15 -> 47
16 -> 57
17 -> 58
18 -> 25
19 -> 52
20 -> 18
21 -> 11
22 -> 41
23 -> 29
24 -> 15
25 -> 60
26 -> 48
27 -> 14
28 -> 49
29 -> 43
30 -> 42
31 -> 20
32 -> 17
33 -> 10
34 -> 59
35 -> 34
36 -> 22
37 -> 38
38 -> 1
39 -> 13
40 -> 5
41 -> 24
42 -> 19
43 -> 51
44 -> 45
45 -> 23
46 -> 39
47 -> 26
48 -> 4
49 -> 7
50 -> 31
51 -> 55
52 -> 6
53 -> 28
54 -> 33
55 -> 53
56 -> 8
57 -> 9
58 -> 54
59 -> 12
60 -> 16

Cycles:
(1 21 11 40 5 30 42 19 52 6 56 8 3 37 38)
(2 32 17 58 54 33 10 35 34 59 12 44 45 23 29 43 51 55 53 28 49 7 50 31 20 18 25 60 16 57 9 46 39 13)
(4 27 14 36 22 41 24 15 47 26 48)

Cycle à casser:
(4 27 14 36 22 41 24 15 47 26 48)

################
Résolution 26

Permutations:
1 -> 21
2 -> 13
3 -> 52
4 -> 48
5 -> 30
6 -> 56
7 -> 36
8 -> 3
9 -> 32
10 -> 33
11 -> 40
12 -> 44
13 -> 1
14 -> 27
15 -> 51
16 -> 57
17 -> 22
18 -> 25
19 -> 35
20 -> 18
21 -> 11
22 -> 41
23 -> 29
24 -> 15
25 -> 60
26 -> 47
27 -> 4
28 -> 49
29 -> 43
30 -> 42
31 -> 50
32 -> 2
33 -> 54
34 -> 59
35 -> 10
36 -> 14
37 -> 20
38 -> 37
39 -> 46
40 -> 5
41 -> 24
42 -> 19
43 -> 38
44 -> 45
45 -> 23
46 -> 39
47 -> 31
48 -> 26
49 -> 12
50 -> 7
51 -> 55
52 -> 6
53 -> 28
54 -> 58
55 -> 53
56 -> 8
57 -> 9
58 -> 17
59 -> 34
60 -> 16

Cycles:
(1 21 11 40 5 30 42 19 35 10 33 54 58 17 22 41 24 15 51 55 53 28 49 12 44 45 23 29 43 38 37 20 18 25 60 16 57 9 32 2 13)
(3 52 6 56 8)
(4 48 26 47 31 50 7 36 14 27)
(34 59)
(39 46)

Cycle à casser:
(34 59)

################
Résolution 27

Permutations:
1 -> 21
2 -> 13
3 -> 37
4 -> 27
5 -> 30
6 -> 56
7 -> 50
8 -> 3
9 -> 46
10 -> 35
11 -> 40
12 -> 44
13 -> 1
14 -> 51
15 -> 24
16 -> 57
17 -> 32
18 -> 25
19 -> 52
20 -> 18
21 -> 11
22 -> 36
23 -> 45
24 -> 41
25 -> 60
26 -> 48
27 -> 33
28 -> 49
29 -> 23
30 -> 42
31 -> 47
32 -> 2
33 -> 10
34 -> 59
35 -> 34
36 -> 14
37 -> 20
38 -> 43
39 -> 26
40 -> 5
41 -> 22
42 -> 19
43 -> 29
44 -> 38
45 -> 54
46 -> 39
47 -> 15
48 -> 4
49 -> 7
50 -> 31
51 -> 55
52 -> 6
53 -> 28
54 -> 58
55 -> 53
56 -> 8
57 -> 9
58 -> 17
59 -> 12
60 -> 16

Cycles:
(1 21 11 40 5 30 42 19 52 6 56 8 3 37 20 18 25 60 16 57 9 46 39 26 48 4 27 33 10 35 34 59 12 44 38 43 29 23 45 54 58 17 32 2 13)
(7 50 31 47 15 24 41 22 36 14 51 55 53 28 49)

Cycle à casser:
(7 50 31 47 15 24 41 22 36 14 51 55 53 28 49)

################
Résolution 28

Permutations:
1 -> 13
2 -> 32
3 -> 8
4 -> 27
5 -> 40
6 -> 52
7 -> 50
8 -> 56
9 -> 46
10 -> 35
11 -> 21
12 -> 44
13 -> 2
14 -> 20
15 -> 24
16 -> 57
17 -> 58
18 -> 25
19 -> 42
20 -> 18
21 -> 1
22 -> 36
23 -> 29
24 -> 41
25 -> 60
26 -> 48
27 -> 33
28 -> 49
29 -> 43
30 -> 5
31 -> 47
32 -> 17
33 -> 10
34 -> 59
35 -> 34
36 -> 14
37 -> 3
38 -> 37
39 -> 26
40 -> 11
41 -> 22
42 -> 30
43 -> 51
44 -> 38
45 -> 23
46 -> 39
47 -> 15
48 -> 4
49 -> 7
50 -> 31
51 -> 55
52 -> 19
53 -> 28
54 -> 45
55 -> 53
56 -> 6
57 -> 9
58 -> 54
59 -> 12
60 -> 16

Cycles:
(1 13 2 32 17 58 54 45 23 29 43 51 55 53 28 49 7 50 31 47 15 24 41 22 36 14 20 18 25 60 16 57 9 46 39 26 48 4 27 33 10 35 34 59 12 44 38 37 3 8 56 6 52 19 42 30 5 40 11 21)

z = 134

Résultat :
-----------
Temps (secondes) : 4.416
Nombre d'appels à GPLK : 28
Nombre d'appels à realloc (/3) : 1
Nombre de contraintes (3') ajoutées : 27
Writing problem data to './data/plat/plat60.dat.lp'...
8990 lines were written
