################
Résolution 1

Permutations:
1 -> 4
2 -> 12
3 -> 25
4 -> 1
5 -> 8
6 -> 14
7 -> 17
8 -> 5
9 -> 27
10 -> 20
11 -> 18
12 -> 2
13 -> 16
14 -> 6
15 -> 23
16 -> 13
17 -> 7
18 -> 11
19 -> 21
20 -> 10
21 -> 19
22 -> 26
23 -> 15
24 -> 28
25 -> 3
26 -> 22
27 -> 9
28 -> 24
29 -> 30
30 -> 29

Cycles:
(1 4)
(2 12)
(3 25)
(5 8)
(6 14)
(7 17)
(9 27)
(10 20)
(11 18)
(13 16)
(15 23)
(19 21)
(22 26)
(24 28)
(29 30)

Cycle à casser:
(1 4)

################
Résolution 2

Permutations:
1 -> 4
2 -> 16
3 -> 10
4 -> 25
5 -> 8
6 -> 14
7 -> 17
8 -> 5
9 -> 27
10 -> 20
11 -> 18
12 -> 2
13 -> 21
14 -> 6
15 -> 23
16 -> 13
17 -> 7
18 -> 24
19 -> 1
20 -> 11
21 -> 19
22 -> 26
23 -> 15
24 -> 28
25 -> 3
26 -> 22
27 -> 9
28 -> 12
29 -> 30
30 -> 29

Cycles:
(1 4 25 3 10 20 11 18 24 28 12 2 16 13 21 19)
(5 8)
(6 14)
(7 17)
(9 27)
(15 23)
(22 26)
(29 30)

Cycle à casser:
(5 8)

################
Résolution 3

Permutations:
1 -> 4
2 -> 16
3 -> 25
4 -> 8
5 -> 26
6 -> 14
7 -> 17
8 -> 5
9 -> 27
10 -> 20
11 -> 7
12 -> 28
13 -> 21
14 -> 6
15 -> 23
16 -> 13
17 -> 12
18 -> 11
19 -> 1
20 -> 10
21 -> 19
22 -> 2
23 -> 15
24 -> 18
25 -> 3
26 -> 22
27 -> 9
28 -> 24
29 -> 30
30 -> 29

Cycles:
(1 4 8 5 26 22 2 16 13 21 19)
(3 25)
(6 14)
(7 17 12 28 24 18 11)
(9 27)
(10 20)
(15 23)
(29 30)

Cycle à casser:
(3 25)

################
Résolution 4

Permutations:
1 -> 30
2 -> 12
3 -> 25
4 -> 8
5 -> 26
6 -> 14
7 -> 17
8 -> 5
9 -> 27
10 -> 3
11 -> 20
12 -> 28
13 -> 16
14 -> 6
15 -> 23
16 -> 13
17 -> 7
18 -> 11
19 -> 21
20 -> 10
21 -> 19
22 -> 2
23 -> 15
24 -> 18
25 -> 4
26 -> 22
27 -> 9
28 -> 24
29 -> 1
30 -> 29

Cycles:
(1 30 29)
(2 12 28 24 18 11 20 10 3 25 4 8 5 26 22)
(6 14)
(7 17)
(9 27)
(13 16)
(15 23)
(19 21)

Cycle à casser:
(6 14)

################
Résolution 5

Permutations:
1 -> 19
2 -> 22
3 -> 25
4 -> 1
5 -> 8
6 -> 12
7 -> 17
8 -> 4
9 -> 27
10 -> 3
11 -> 20
12 -> 28
13 -> 16
14 -> 6
15 -> 23
16 -> 2
17 -> 7
18 -> 11
19 -> 21
20 -> 10
21 -> 13
22 -> 26
23 -> 15
24 -> 18
25 -> 14
26 -> 5
27 -> 9
28 -> 24
29 -> 30
30 -> 29

Cycles:
(1 19 21 13 16 2 22 26 5 8 4)
(3 25 14 6 12 28 24 18 11 20 10)
(7 17)
(9 27)
(15 23)
(29 30)

Cycle à casser:
(7 17)

################
Résolution 6

Permutations:
1 -> 19
2 -> 22
3 -> 10
4 -> 1
5 -> 8
6 -> 14
7 -> 17
8 -> 4
9 -> 27
10 -> 20
11 -> 7
12 -> 6
13 -> 16
14 -> 25
15 -> 23
16 -> 2
17 -> 28
18 -> 24
19 -> 21
20 -> 11
21 -> 13
22 -> 26
23 -> 15
24 -> 18
25 -> 3
26 -> 5
27 -> 9
28 -> 12
29 -> 30
30 -> 29

Cycles:
(1 19 21 13 16 2 22 26 5 8 4)
(3 10 20 11 7 17 28 12 6 14 25)
(9 27)
(15 23)
(18 24)
(29 30)

Cycle à casser:
(9 27)

################
Résolution 7

Permutations:
1 -> 4
2 -> 16
3 -> 25
4 -> 8
5 -> 26
6 -> 12
7 -> 11
8 -> 5
9 -> 27
10 -> 3
11 -> 20
12 -> 28
13 -> 21
14 -> 6
15 -> 23
16 -> 13
17 -> 7
18 -> 24
19 -> 1
20 -> 9
21 -> 19
22 -> 2
23 -> 15
24 -> 18
25 -> 14
26 -> 22
27 -> 10
28 -> 17
29 -> 30
30 -> 29

Cycles:
(1 4 8 5 26 22 2 16 13 21 19)
(3 25 14 6 12 28 17 7 11 20 9 27 10)
(15 23)
(18 24)
(29 30)

Cycle à casser:
(15 23)

################
Résolution 8

Permutations:
1 -> 15
2 -> 16
3 -> 25
4 -> 8
5 -> 26
6 -> 12
7 -> 11
8 -> 5
9 -> 27
10 -> 3
11 -> 20
12 -> 28
13 -> 21
14 -> 6
15 -> 23
16 -> 13
17 -> 7
18 -> 24
19 -> 1
20 -> 9
21 -> 19
22 -> 2
23 -> 14
24 -> 18
25 -> 4
26 -> 22
27 -> 10
28 -> 17
29 -> 30
30 -> 29

Cycles:
(1 15 23 14 6 12 28 17 7 11 20 9 27 10 3 25 4 8 5 26 22 2 16 13 21 19)
(18 24)
(29 30)

Cycle à casser:
(18 24)

################
Résolution 9

Permutations:
1 -> 15
2 -> 16
3 -> 25
4 -> 8
5 -> 26
6 -> 12
7 -> 20
8 -> 5
9 -> 27
10 -> 3
11 -> 18
12 -> 17
13 -> 21
14 -> 6
15 -> 23
16 -> 13
17 -> 7
18 -> 11
19 -> 1
20 -> 9
21 -> 19
22 -> 2
23 -> 14
24 -> 28
25 -> 4
26 -> 22
27 -> 10
28 -> 24
29 -> 30
30 -> 29

Cycles:
(1 15 23 14 6 12 17 7 20 9 27 10 3 25 4 8 5 26 22 2 16 13 21 19)
(11 18)
(24 28)
(29 30)

Cycle à casser:
(11 18)

################
Résolution 10

Permutations:
1 -> 29
2 -> 12
3 -> 25
4 -> 8
5 -> 26
6 -> 14
7 -> 11
8 -> 5
9 -> 27
10 -> 3
11 -> 20
12 -> 6
13 -> 16
14 -> 23
15 -> 1
16 -> 13
17 -> 7
18 -> 24
19 -> 21
20 -> 9
21 -> 19
22 -> 2
23 -> 15
24 -> 28
25 -> 4
26 -> 22
27 -> 10
28 -> 17
29 -> 30
30 -> 18

Cycles:
(1 29 30 18 24 28 17 7 11 20 9 27 10 3 25 4 8 5 26 22 2 12 6 14 23 15)
(13 16)
(19 21)

Cycle à casser:
(13 16)

################
Résolution 11

Permutations:
1 -> 29
2 -> 16
3 -> 25
4 -> 8
5 -> 26
6 -> 14
7 -> 11
8 -> 5
9 -> 27
10 -> 3
11 -> 20
12 -> 17
13 -> 6
14 -> 23
15 -> 1
16 -> 13
17 -> 7
18 -> 24
19 -> 21
20 -> 9
21 -> 19
22 -> 2
23 -> 15
24 -> 28
25 -> 4
26 -> 22
27 -> 10
28 -> 12
29 -> 30
30 -> 18

Cycles:
(1 29 30 18 24 28 12 17 7 11 20 9 27 10 3 25 4 8 5 26 22 2 16 13 6 14 23 15)
(19 21)

Cycle à casser:
(19 21)

################
Résolution 12

Permutations:
1 -> 19
2 -> 22
3 -> 10
4 -> 25
5 -> 8
6 -> 14
7 -> 11
8 -> 4
9 -> 20
10 -> 27
11 -> 18
12 -> 6
13 -> 16
14 -> 23
15 -> 1
16 -> 2
17 -> 12
18 -> 24
19 -> 21
20 -> 7
21 -> 13
22 -> 26
23 -> 15
24 -> 28
25 -> 3
26 -> 5
27 -> 9
28 -> 17
29 -> 30
30 -> 29

Cycles:
(1 19 21 13 16 2 22 26 5 8 4 25 3 10 27 9 20 7 11 18 24 28 17 12 6 14 23 15)
(29 30)

Cycle à casser:
(29 30)

################
Résolution 13

Permutations:
1 -> 15
2 -> 22
3 -> 10
4 -> 25
5 -> 8
6 -> 12
7 -> 11
8 -> 4
9 -> 27
10 -> 20
11 -> 18
12 -> 17
13 -> 16
14 -> 6
15 -> 23
16 -> 2
17 -> 7
18 -> 30
19 -> 21
20 -> 9
21 -> 13
22 -> 26
23 -> 14
24 -> 28
25 -> 3
26 -> 5
27 -> 19
28 -> 24
29 -> 1
30 -> 29

Cycles:
(1 15 23 14 6 12 17 7 11 18 30 29)
(2 22 26 5 8 4 25 3 10 20 9 27 19 21 13 16)
(24 28)

Cycle à casser:
(24 28)

################
Résolution 14

Permutations:
1 -> 29
2 -> 22
3 -> 10
4 -> 25
5 -> 8
6 -> 14
7 -> 11
8 -> 4
9 -> 27
10 -> 20
11 -> 7
12 -> 6
13 -> 16
14 -> 23
15 -> 1
16 -> 2
17 -> 12
18 -> 24
19 -> 21
20 -> 9
21 -> 13
22 -> 26
23 -> 15
24 -> 28
25 -> 3
26 -> 5
27 -> 19
28 -> 17
29 -> 30
30 -> 18

Cycles:
(1 29 30 18 24 28 17 12 6 14 23 15)
(2 22 26 5 8 4 25 3 10 20 9 27 19 21 13 16)
(7 11)

Cycle à casser:
(7 11)

################
Résolution 15

Permutations:
1 -> 15
2 -> 16
3 -> 10
4 -> 25
5 -> 8
6 -> 12
7 -> 17
8 -> 4
9 -> 20
10 -> 27
11 -> 7
12 -> 22
13 -> 21
14 -> 6
15 -> 23
16 -> 13
17 -> 28
18 -> 30
19 -> 26
20 -> 11
21 -> 19
22 -> 2
23 -> 14
24 -> 18
25 -> 3
26 -> 5
27 -> 9
28 -> 24
29 -> 1
30 -> 29

Cycles:
(1 15 23 14 6 12 22 2 16 13 21 19 26 5 8 4 25 3 10 27 9 20 11 7 17 28 24 18 30 29)

z = 148

Résultat :
-----------
Temps (secondes) : 0.064
Nombre d'appels à GPLK : 15
Nombre d'appels à realloc (/3) : 0
Nombre de contraintes (3') ajoutées : 14
Writing problem data to './data/plat/plat30.dat.lp'...
2273 lines were written
