################
Résolution 1

Permutations:
1 -> 39
2 -> 34
3 -> 21
4 -> 25
5 -> 7
6 -> 29
7 -> 5
8 -> 40
9 -> 28
10 -> 18
11 -> 38
12 -> 41
13 -> 42
14 -> 19
15 -> 30
16 -> 45
17 -> 27
18 -> 10
19 -> 14
20 -> 49
21 -> 3
22 -> 32
23 -> 31
24 -> 35
25 -> 4
26 -> 33
27 -> 17
28 -> 9
29 -> 6
30 -> 15
31 -> 23
32 -> 22
33 -> 26
34 -> 2
35 -> 24
36 -> 46
37 -> 50
38 -> 11
39 -> 1
40 -> 8
41 -> 12
42 -> 13
43 -> 47
44 -> 48
45 -> 16
46 -> 36
47 -> 43
48 -> 44
49 -> 20
50 -> 37

Cycles:
(1 39)
(2 34)
(3 21)
(4 25)
(5 7)
(6 29)
(8 40)
(9 28)
(10 18)
(11 38)
(12 41)
(13 42)
(14 19)
(15 30)
(16 45)
(17 27)
(20 49)
(22 32)
(23 31)
(24 35)
(26 33)
(36 46)
(37 50)
(43 47)
(44 48)

Cycle à casser:
(1 39)

################
Résolution 2

Permutations:
1 -> 6
2 -> 34
3 -> 21
4 -> 25
5 -> 7
6 -> 39
7 -> 5
8 -> 40
9 -> 28
10 -> 18
11 -> 38
12 -> 41
13 -> 42
14 -> 19
15 -> 30
16 -> 45
17 -> 27
18 -> 10
19 -> 14
20 -> 49
21 -> 29
22 -> 32
23 -> 31
24 -> 35
25 -> 4
26 -> 33
27 -> 17
28 -> 9
29 -> 24
30 -> 15
31 -> 23
32 -> 22
33 -> 26
34 -> 2
35 -> 37
36 -> 46
37 -> 50
38 -> 11
39 -> 1
40 -> 3
41 -> 12
42 -> 13
43 -> 47
44 -> 48
45 -> 16
46 -> 36
47 -> 43
48 -> 44
49 -> 20
50 -> 8

Cycles:
(1 6 39)
(2 34)
(3 21 29 24 35 37 50 8 40)
(4 25)
(5 7)
(9 28)
(10 18)
(11 38)
(12 41)
(13 42)
(14 19)
(15 30)
(16 45)
(17 27)
(20 49)
(22 32)
(23 31)
(26 33)
(36 46)
(43 47)
(44 48)

Cycle à casser:
(2 34)

################
Résolution 3

Permutations:
1 -> 39
2 -> 44
3 -> 21
4 -> 25
5 -> 7
6 -> 1
7 -> 5
8 -> 40
9 -> 28
10 -> 18
11 -> 38
12 -> 41
13 -> 42
14 -> 19
15 -> 30
16 -> 45
17 -> 27
18 -> 10
19 -> 14
20 -> 49
21 -> 29
22 -> 32
23 -> 31
24 -> 35
25 -> 4
26 -> 33
27 -> 17
28 -> 9
29 -> 24
30 -> 15
31 -> 23
32 -> 22
33 -> 26
34 -> 2
35 -> 37
36 -> 46
37 -> 34
38 -> 11
39 -> 6
40 -> 3
41 -> 12
42 -> 13
43 -> 47
44 -> 48
45 -> 16
46 -> 36
47 -> 43
48 -> 50
49 -> 20
50 -> 8

Cycles:
(1 39 6)
(2 44 48 50 8 40 3 21 29 24 35 37 34)
(4 25)
(5 7)
(9 28)
(10 18)
(11 38)
(12 41)
(13 42)
(14 19)
(15 30)
(16 45)
(17 27)
(20 49)
(22 32)
(23 31)
(26 33)
(36 46)
(43 47)

Cycle à casser:
(4 25)

################
Résolution 4

Permutations:
1 -> 39
2 -> 34
3 -> 4
4 -> 25
5 -> 7
6 -> 1
7 -> 5
8 -> 40
9 -> 28
10 -> 18
11 -> 38
12 -> 41
13 -> 42
14 -> 10
15 -> 30
16 -> 22
17 -> 27
18 -> 31
19 -> 14
20 -> 49
21 -> 29
22 -> 32
23 -> 45
24 -> 35
25 -> 19
26 -> 33
27 -> 17
28 -> 9
29 -> 21
30 -> 15
31 -> 23
32 -> 43
33 -> 26
34 -> 37
35 -> 24
36 -> 46
37 -> 50
38 -> 11
39 -> 6
40 -> 3
41 -> 12
42 -> 13
43 -> 47
44 -> 2
45 -> 16
46 -> 36
47 -> 48
48 -> 44
49 -> 20
50 -> 8

Cycles:
(1 39 6)
(2 34 37 50 8 40 3 4 25 19 14 10 18 31 23 45 16 22 32 43 47 48 44)
(5 7)
(9 28)
(11 38)
(12 41)
(13 42)
(15 30)
(17 27)
(20 49)
(21 29)
(24 35)
(26 33)
(36 46)

Cycle à casser:
(5 7)

################
Résolution 5

Permutations:
1 -> 39
2 -> 34
3 -> 4
4 -> 25
5 -> 40
6 -> 1
7 -> 5
8 -> 42
9 -> 28
10 -> 18
11 -> 38
12 -> 41
13 -> 11
14 -> 10
15 -> 30
16 -> 22
17 -> 27
18 -> 31
19 -> 14
20 -> 49
21 -> 29
22 -> 32
23 -> 45
24 -> 35
25 -> 19
26 -> 33
27 -> 17
28 -> 9
29 -> 21
30 -> 15
31 -> 23
32 -> 43
33 -> 26
34 -> 37
35 -> 24
36 -> 46
37 -> 50
38 -> 7
39 -> 6
40 -> 3
41 -> 12
42 -> 13
43 -> 47
44 -> 2
45 -> 16
46 -> 36
47 -> 48
48 -> 44
49 -> 20
50 -> 8

Cycles:
(1 39 6)
(2 34 37 50 8 42 13 11 38 7 5 40 3 4 25 19 14 10 18 31 23 45 16 22 32 43 47 48 44)
(9 28)
(12 41)
(15 30)
(17 27)
(20 49)
(21 29)
(24 35)
(26 33)
(36 46)

Cycle à casser:
(9 28)

################
Résolution 6

Permutations:
1 -> 39
2 -> 34
3 -> 4
4 -> 25
5 -> 40
6 -> 1
7 -> 5
8 -> 42
9 -> 24
10 -> 18
11 -> 38
12 -> 41
13 -> 11
14 -> 10
15 -> 30
16 -> 22
17 -> 27
18 -> 31
19 -> 14
20 -> 49
21 -> 29
22 -> 32
23 -> 45
24 -> 35
25 -> 19
26 -> 33
27 -> 17
28 -> 9
29 -> 21
30 -> 15
31 -> 28
32 -> 43
33 -> 26
34 -> 37
35 -> 16
36 -> 46
37 -> 50
38 -> 7
39 -> 6
40 -> 3
41 -> 12
42 -> 13
43 -> 47
44 -> 2
45 -> 23
46 -> 36
47 -> 48
48 -> 44
49 -> 20
50 -> 8

Cycles:
(1 39 6)
(2 34 37 50 8 42 13 11 38 7 5 40 3 4 25 19 14 10 18 31 28 9 24 35 16 22 32 43 47 48 44)
(12 41)
(15 30)
(17 27)
(20 49)
(21 29)
(23 45)
(26 33)
(36 46)

Cycle à casser:
(12 41)

################
Résolution 7

Permutations:
1 -> 6
2 -> 44
3 -> 4
4 -> 25
5 -> 39
6 -> 29
7 -> 5
8 -> 40
9 -> 28
10 -> 14
11 -> 38
12 -> 30
13 -> 42
14 -> 19
15 -> 16
16 -> 35
17 -> 27
18 -> 10
19 -> 7
20 -> 49
21 -> 3
22 -> 32
23 -> 45
24 -> 9
25 -> 41
26 -> 33
27 -> 17
28 -> 31
29 -> 21
30 -> 15
31 -> 18
32 -> 22
33 -> 26
34 -> 2
35 -> 24
36 -> 46
37 -> 34
38 -> 11
39 -> 1
40 -> 8
41 -> 12
42 -> 13
43 -> 47
44 -> 48
45 -> 23
46 -> 36
47 -> 43
48 -> 50
49 -> 20
50 -> 37

Cycles:
(1 6 29 21 3 4 25 41 12 30 15 16 35 24 9 28 31 18 10 14 19 7 5 39)
(2 44 48 50 37 34)
(8 40)
(11 38)
(13 42)
(17 27)
(20 49)
(22 32)
(23 45)
(26 33)
(36 46)
(43 47)

Cycle à casser:
(8 40)

################
Résolution 8

Permutations:
1 -> 39
2 -> 34
3 -> 4
4 -> 25
5 -> 7
6 -> 29
7 -> 38
8 -> 40
9 -> 1
10 -> 18
11 -> 13
12 -> 30
13 -> 42
14 -> 19
15 -> 16
16 -> 45
17 -> 27
18 -> 10
19 -> 14
20 -> 49
21 -> 3
22 -> 32
23 -> 31
24 -> 35
25 -> 41
26 -> 33
27 -> 17
28 -> 9
29 -> 21
30 -> 15
31 -> 28
32 -> 22
33 -> 26
34 -> 37
35 -> 24
36 -> 46
37 -> 50
38 -> 11
39 -> 6
40 -> 5
41 -> 12
42 -> 8
43 -> 47
44 -> 2
45 -> 23
46 -> 36
47 -> 43
48 -> 44
49 -> 20
50 -> 48

Cycles:
(1 39 6 29 21 3 4 25 41 12 30 15 16 45 23 31 28 9)
(2 34 37 50 48 44)
(5 7 38 11 13 42 8 40)
(10 18)
(14 19)
(17 27)
(20 49)
(22 32)
(24 35)
(26 33)
(36 46)
(43 47)

Cycle à casser:
(10 18)

################
Résolution 9

Permutations:
1 -> 12
2 -> 44
3 -> 21
4 -> 3
5 -> 40
6 -> 39
7 -> 5
8 -> 50
9 -> 28
10 -> 14
11 -> 38
12 -> 41
13 -> 42
14 -> 19
15 -> 30
16 -> 35
17 -> 27
18 -> 10
19 -> 7
20 -> 49
21 -> 29
22 -> 16
23 -> 45
24 -> 9
25 -> 4
26 -> 33
27 -> 17
28 -> 31
29 -> 6
30 -> 15
31 -> 18
32 -> 22
33 -> 26
34 -> 2
35 -> 24
36 -> 46
37 -> 34
38 -> 11
39 -> 1
40 -> 8
41 -> 25
42 -> 13
43 -> 32
44 -> 48
45 -> 23
46 -> 36
47 -> 43
48 -> 47
49 -> 20
50 -> 37

Cycles:
(1 12 41 25 4 3 21 29 6 39)
(2 44 48 47 43 32 22 16 35 24 9 28 31 18 10 14 19 7 5 40 8 50 37 34)
(11 38)
(13 42)
(15 30)
(17 27)
(20 49)
(23 45)
(26 33)
(36 46)

Cycle à casser:
(11 38)

################
Résolution 10

Permutations:
1 -> 6
2 -> 44
3 -> 4
4 -> 3
5 -> 40
6 -> 39
7 -> 5
8 -> 42
9 -> 24
10 -> 18
11 -> 38
12 -> 41
13 -> 11
14 -> 10
15 -> 30
16 -> 15
17 -> 27
18 -> 31
19 -> 14
20 -> 49
21 -> 29
22 -> 32
23 -> 45
24 -> 35
25 -> 19
26 -> 33
27 -> 17
28 -> 9
29 -> 21
30 -> 12
31 -> 28
32 -> 22
33 -> 26
34 -> 2
35 -> 16
36 -> 46
37 -> 34
38 -> 7
39 -> 1
40 -> 8
41 -> 25
42 -> 13
43 -> 47
44 -> 48
45 -> 23
46 -> 36
47 -> 43
48 -> 50
49 -> 20
50 -> 37

Cycles:
(1 6 39)
(2 44 48 50 37 34)
(3 4)
(5 40 8 42 13 11 38 7)
(9 24 35 16 15 30 12 41 25 19 14 10 18 31 28)
(17 27)
(20 49)
(21 29)
(22 32)
(23 45)
(26 33)
(36 46)
(43 47)

Cycle à casser:
(3 4)

################
Résolution 11

Permutations:
1 -> 6
2 -> 44
3 -> 4
4 -> 25
5 -> 39
6 -> 29
7 -> 38
8 -> 40
9 -> 28
10 -> 14
11 -> 13
12 -> 30
13 -> 42
14 -> 19
15 -> 16
16 -> 35
17 -> 27
18 -> 10
19 -> 7
20 -> 49
21 -> 3
22 -> 32
23 -> 45
24 -> 9
25 -> 41
26 -> 33
27 -> 17
28 -> 31
29 -> 21
30 -> 15
31 -> 18
32 -> 22
33 -> 26
34 -> 2
35 -> 24
36 -> 46
37 -> 34
38 -> 11
39 -> 1
40 -> 5
41 -> 12
42 -> 8
43 -> 47
44 -> 48
45 -> 23
46 -> 36
47 -> 43
48 -> 50
49 -> 20
50 -> 37

Cycles:
(1 6 29 21 3 4 25 41 12 30 15 16 35 24 9 28 31 18 10 14 19 7 38 11 13 42 8 40 5 39)
(2 44 48 50 37 34)
(17 27)
(20 49)
(22 32)
(23 45)
(26 33)
(36 46)
(43 47)

Cycle à casser:
(17 27)

################
Résolution 12

Permutations:
1 -> 6
2 -> 44
3 -> 4
4 -> 25
5 -> 40
6 -> 39
7 -> 38
8 -> 50
9 -> 28
10 -> 14
11 -> 13
12 -> 27
13 -> 42
14 -> 19
15 -> 30
16 -> 35
17 -> 9
18 -> 10
19 -> 7
20 -> 49
21 -> 3
22 -> 16
23 -> 45
24 -> 29
25 -> 41
26 -> 33
27 -> 17
28 -> 31
29 -> 21
30 -> 15
31 -> 18
32 -> 22
33 -> 26
34 -> 2
35 -> 24
36 -> 46
37 -> 34
38 -> 11
39 -> 1
40 -> 5
41 -> 12
42 -> 8
43 -> 32
44 -> 48
45 -> 23
46 -> 36
47 -> 43
48 -> 47
49 -> 20
50 -> 37

Cycles:
(1 6 39)
(2 44 48 47 43 32 22 16 35 24 29 21 3 4 25 41 12 27 17 9 28 31 18 10 14 19 7 38 11 13 42 8 50 37 34)
(5 40)
(15 30)
(20 49)
(23 45)
(26 33)
(36 46)

Cycle à casser:
(5 40)

################
Résolution 13

Permutations:
1 -> 39
2 -> 34
3 -> 21
4 -> 3
5 -> 40
6 -> 1
7 -> 5
8 -> 42
9 -> 28
10 -> 14
11 -> 38
12 -> 27
13 -> 11
14 -> 19
15 -> 30
16 -> 22
17 -> 9
18 -> 10
19 -> 25
20 -> 49
21 -> 29
22 -> 32
23 -> 45
24 -> 35
25 -> 4
26 -> 33
27 -> 17
28 -> 31
29 -> 24
30 -> 15
31 -> 18
32 -> 43
33 -> 26
34 -> 37
35 -> 16
36 -> 46
37 -> 50
38 -> 7
39 -> 6
40 -> 8
41 -> 12
42 -> 13
43 -> 47
44 -> 2
45 -> 23
46 -> 36
47 -> 48
48 -> 44
49 -> 20
50 -> 41

Cycles:
(1 39 6)
(2 34 37 50 41 12 27 17 9 28 31 18 10 14 19 25 4 3 21 29 24 35 16 22 32 43 47 48 44)
(5 40 8 42 13 11 38 7)
(15 30)
(20 49)
(23 45)
(26 33)
(36 46)

Cycle à casser:
(15 30)

################
Résolution 14

Permutations:
1 -> 6
2 -> 44
3 -> 4
4 -> 25
5 -> 40
6 -> 29
7 -> 5
8 -> 50
9 -> 28
10 -> 14
11 -> 38
12 -> 27
13 -> 42
14 -> 19
15 -> 30
16 -> 15
17 -> 9
18 -> 10
19 -> 7
20 -> 49
21 -> 3
22 -> 16
23 -> 45
24 -> 35
25 -> 41
26 -> 33
27 -> 17
28 -> 31
29 -> 21
30 -> 11
31 -> 18
32 -> 22
33 -> 26
34 -> 2
35 -> 24
36 -> 46
37 -> 34
38 -> 39
39 -> 1
40 -> 8
41 -> 12
42 -> 13
43 -> 32
44 -> 48
45 -> 23
46 -> 36
47 -> 43
48 -> 47
49 -> 20
50 -> 37

Cycles:
(1 6 29 21 3 4 25 41 12 27 17 9 28 31 18 10 14 19 7 5 40 8 50 37 34 2 44 48 47 43 32 22 16 15 30 11 38 39)
(13 42)
(20 49)
(23 45)
(24 35)
(26 33)
(36 46)

Cycle à casser:
(13 42)

################
Résolution 15

Permutations:
1 -> 39
2 -> 34
3 -> 21
4 -> 3
5 -> 7
6 -> 1
7 -> 19
8 -> 40
9 -> 17
10 -> 18
11 -> 13
12 -> 30
13 -> 42
14 -> 10
15 -> 16
16 -> 22
17 -> 27
18 -> 31
19 -> 14
20 -> 49
21 -> 29
22 -> 32
23 -> 45
24 -> 35
25 -> 4
26 -> 33
27 -> 12
28 -> 9
29 -> 6
30 -> 15
31 -> 28
32 -> 43
33 -> 26
34 -> 37
35 -> 24
36 -> 46
37 -> 50
38 -> 11
39 -> 38
40 -> 5
41 -> 25
42 -> 8
43 -> 47
44 -> 2
45 -> 23
46 -> 36
47 -> 48
48 -> 44
49 -> 20
50 -> 41

Cycles:
(1 39 38 11 13 42 8 40 5 7 19 14 10 18 31 28 9 17 27 12 30 15 16 22 32 43 47 48 44 2 34 37 50 41 25 4 3 21 29 6)
(20 49)
(23 45)
(24 35)
(26 33)
(36 46)

Cycle à casser:
(20 49)

################
Résolution 16

Permutations:
1 -> 6
2 -> 44
3 -> 4
4 -> 25
5 -> 39
6 -> 29
7 -> 38
8 -> 40
9 -> 28
10 -> 14
11 -> 13
12 -> 27
13 -> 42
14 -> 19
15 -> 30
16 -> 15
17 -> 9
18 -> 10
19 -> 7
20 -> 49
21 -> 3
22 -> 16
23 -> 45
24 -> 35
25 -> 41
26 -> 33
27 -> 17
28 -> 31
29 -> 21
30 -> 12
31 -> 18
32 -> 22
33 -> 26
34 -> 2
35 -> 24
36 -> 46
37 -> 50
38 -> 11
39 -> 1
40 -> 5
41 -> 20
42 -> 8
43 -> 32
44 -> 48
45 -> 23
46 -> 36
47 -> 43
48 -> 47
49 -> 34
50 -> 37

Cycles:
(1 6 29 21 3 4 25 41 20 49 34 2 44 48 47 43 32 22 16 15 30 12 27 17 9 28 31 18 10 14 19 7 38 11 13 42 8 40 5 39)
(23 45)
(24 35)
(26 33)
(36 46)
(37 50)

Cycle à casser:
(23 45)

################
Résolution 17

Permutations:
1 -> 6
2 -> 44
3 -> 4
4 -> 25
5 -> 40
6 -> 29
7 -> 5
8 -> 42
9 -> 28
10 -> 14
11 -> 38
12 -> 27
13 -> 11
14 -> 19
15 -> 30
16 -> 15
17 -> 9
18 -> 10
19 -> 7
20 -> 49
21 -> 3
22 -> 32
23 -> 45
24 -> 23
25 -> 41
26 -> 33
27 -> 17
28 -> 31
29 -> 21
30 -> 12
31 -> 18
32 -> 22
33 -> 26
34 -> 2
35 -> 24
36 -> 46
37 -> 35
38 -> 39
39 -> 1
40 -> 8
41 -> 20
42 -> 13
43 -> 47
44 -> 48
45 -> 16
46 -> 36
47 -> 43
48 -> 50
49 -> 34
50 -> 37

Cycles:
(1 6 29 21 3 4 25 41 20 49 34 2 44 48 50 37 35 24 23 45 16 15 30 12 27 17 9 28 31 18 10 14 19 7 5 40 8 42 13 11 38 39)
(22 32)
(26 33)
(36 46)
(43 47)

Cycle à casser:
(22 32)

################
Résolution 18

Permutations:
1 -> 39
2 -> 34
3 -> 21
4 -> 3
5 -> 40
6 -> 1
7 -> 19
8 -> 42
9 -> 17
10 -> 18
11 -> 38
12 -> 30
13 -> 11
14 -> 10
15 -> 16
16 -> 22
17 -> 27
18 -> 31
19 -> 14
20 -> 41
21 -> 29
22 -> 32
23 -> 45
24 -> 35
25 -> 4
26 -> 33
27 -> 12
28 -> 9
29 -> 6
30 -> 15
31 -> 23
32 -> 43
33 -> 26
34 -> 49
35 -> 24
36 -> 46
37 -> 50
38 -> 7
39 -> 5
40 -> 8
41 -> 25
42 -> 13
43 -> 47
44 -> 2
45 -> 28
46 -> 36
47 -> 48
48 -> 44
49 -> 20
50 -> 37

Cycles:
(1 39 5 40 8 42 13 11 38 7 19 14 10 18 31 23 45 28 9 17 27 12 30 15 16 22 32 43 47 48 44 2 34 49 20 41 25 4 3 21 29 6)
(24 35)
(26 33)
(36 46)
(37 50)

Cycle à casser:
(24 35)

################
Résolution 19

Permutations:
1 -> 6
2 -> 44
3 -> 4
4 -> 25
5 -> 39
6 -> 22
7 -> 38
8 -> 40
9 -> 17
10 -> 14
11 -> 13
12 -> 30
13 -> 42
14 -> 19
15 -> 16
16 -> 45
17 -> 27
18 -> 10
19 -> 7
20 -> 49
21 -> 3
22 -> 32
23 -> 31
24 -> 29
25 -> 41
26 -> 33
27 -> 12
28 -> 9
29 -> 21
30 -> 15
31 -> 18
32 -> 28
33 -> 26
34 -> 2
35 -> 24
36 -> 46
37 -> 35
38 -> 11
39 -> 1
40 -> 5
41 -> 20
42 -> 8
43 -> 47
44 -> 48
45 -> 23
46 -> 36
47 -> 43
48 -> 50
49 -> 34
50 -> 37

Cycles:
(1 6 22 32 28 9 17 27 12 30 15 16 45 23 31 18 10 14 19 7 38 11 13 42 8 40 5 39)
(2 44 48 50 37 35 24 29 21 3 4 25 41 20 49 34)
(26 33)
(36 46)
(43 47)

Cycle à casser:
(26 33)

################
Résolution 20

Permutations:
1 -> 39
2 -> 34
3 -> 4
4 -> 25
5 -> 7
6 -> 1
7 -> 38
8 -> 40
9 -> 28
10 -> 18
11 -> 13
12 -> 27
13 -> 42
14 -> 19
15 -> 30
16 -> 15
17 -> 9
18 -> 31
19 -> 14
20 -> 41
21 -> 3
22 -> 16
23 -> 45
24 -> 29
25 -> 26
26 -> 33
27 -> 17
28 -> 32
29 -> 21
30 -> 37
31 -> 23
32 -> 22
33 -> 10
34 -> 49
35 -> 24
36 -> 46
37 -> 35
38 -> 11
39 -> 6
40 -> 5
41 -> 12
42 -> 8
43 -> 47
44 -> 2
45 -> 50
46 -> 36
47 -> 43
48 -> 44
49 -> 20
50 -> 48

Cycles:
(1 39 6)
(2 34 49 20 41 12 27 17 9 28 32 22 16 15 30 37 35 24 29 21 3 4 25 26 33 10 18 31 23 45 50 48 44)
(5 7 38 11 13 42 8 40)
(14 19)
(36 46)
(43 47)

Cycle à casser:
(14 19)

################
Résolution 21

Permutations:
1 -> 39
2 -> 34
3 -> 21
4 -> 3
5 -> 7
6 -> 1
7 -> 38
8 -> 40
9 -> 28
10 -> 33
11 -> 13
12 -> 27
13 -> 42
14 -> 45
15 -> 30
16 -> 15
17 -> 9
18 -> 10
19 -> 14
20 -> 41
21 -> 29
22 -> 16
23 -> 31
24 -> 35
25 -> 4
26 -> 25
27 -> 17
28 -> 32
29 -> 24
30 -> 37
31 -> 18
32 -> 22
33 -> 26
34 -> 49
35 -> 19
36 -> 46
37 -> 50
38 -> 11
39 -> 6
40 -> 5
41 -> 12
42 -> 8
43 -> 47
44 -> 2
45 -> 23
46 -> 36
47 -> 43
48 -> 44
49 -> 20
50 -> 48

Cycles:
(1 39 6)
(2 34 49 20 41 12 27 17 9 28 32 22 16 15 30 37 50 48 44)
(3 21 29 24 35 19 14 45 23 31 18 10 33 26 25 4)
(5 7 38 11 13 42 8 40)
(36 46)
(43 47)

Cycle à casser:
(36 46)

################
Résolution 22

Permutations:
1 -> 6
2 -> 34
3 -> 21
4 -> 46
5 -> 40
6 -> 39
7 -> 5
8 -> 42
9 -> 28
10 -> 33
11 -> 38
12 -> 27
13 -> 11
14 -> 45
15 -> 30
16 -> 15
17 -> 9
18 -> 10
19 -> 14
20 -> 41
21 -> 29
22 -> 16
23 -> 31
24 -> 35
25 -> 4
26 -> 25
27 -> 17
28 -> 32
29 -> 24
30 -> 37
31 -> 18
32 -> 22
33 -> 26
34 -> 49
35 -> 19
36 -> 8
37 -> 50
38 -> 7
39 -> 1
40 -> 3
41 -> 12
42 -> 13
43 -> 47
44 -> 2
45 -> 23
46 -> 36
47 -> 43
48 -> 44
49 -> 20
50 -> 48

Cycles:
(1 6 39)
(2 34 49 20 41 12 27 17 9 28 32 22 16 15 30 37 50 48 44)
(3 21 29 24 35 19 14 45 23 31 18 10 33 26 25 4 46 36 8 42 13 11 38 7 5 40)
(43 47)

Cycle à casser:
(43 47)

################
Résolution 23

Permutations:
1 -> 39
2 -> 34
3 -> 40
4 -> 3
5 -> 7
6 -> 1
7 -> 38
8 -> 36
9 -> 17
10 -> 18
11 -> 13
12 -> 30
13 -> 42
14 -> 19
15 -> 16
16 -> 22
17 -> 27
18 -> 31
19 -> 35
20 -> 41
21 -> 29
22 -> 32
23 -> 45
24 -> 23
25 -> 26
26 -> 33
27 -> 12
28 -> 9
29 -> 21
30 -> 15
31 -> 28
32 -> 43
33 -> 10
34 -> 49
35 -> 24
36 -> 46
37 -> 50
38 -> 11
39 -> 6
40 -> 5
41 -> 25
42 -> 8
43 -> 47
44 -> 2
45 -> 14
46 -> 4
47 -> 48
48 -> 44
49 -> 20
50 -> 37

Cycles:
(1 39 6)
(2 34 49 20 41 25 26 33 10 18 31 28 9 17 27 12 30 15 16 22 32 43 47 48 44)
(3 40 5 7 38 11 13 42 8 36 46 4)
(14 19 35 24 23 45)
(21 29)
(37 50)

Cycle à casser:
(21 29)

################
Résolution 24

Permutations:
1 -> 6
2 -> 44
3 -> 40
4 -> 46
5 -> 7
6 -> 29
7 -> 19
8 -> 42
9 -> 28
10 -> 33
11 -> 38
12 -> 27
13 -> 11
14 -> 45
15 -> 30
16 -> 15
17 -> 9
18 -> 10
19 -> 14
20 -> 49
21 -> 3
22 -> 16
23 -> 24
24 -> 35
25 -> 4
26 -> 25
27 -> 17
28 -> 31
29 -> 21
30 -> 12
31 -> 18
32 -> 22
33 -> 26
34 -> 2
35 -> 37
36 -> 8
37 -> 50
38 -> 39
39 -> 1
40 -> 5
41 -> 20
42 -> 13
43 -> 32
44 -> 48
45 -> 23
46 -> 36
47 -> 43
48 -> 47
49 -> 34
50 -> 41

Cycles:
(1 6 29 21 3 40 5 7 19 14 45 23 24 35 37 50 41 20 49 34 2 44 48 47 43 32 22 16 15 30 12 27 17 9 28 31 18 10 33 26 25 4 46 36 8 42 13 11 38 39)

z = 207

Résultat :
-----------
Temps (secondes) : 0.288
Nombre d'appels à GPLK : 24
Nombre d'appels à realloc (/3) : 0
Nombre de contraintes ajoutées : 123
Writing problem data to './plat/plat50.dat.lp'...
6288 lines were written
