################
Résolution 1

Permutations:
1 -> 46
2 -> 100
3 -> 96
4 -> 33
5 -> 92
6 -> 84
7 -> 93
8 -> 76
9 -> 31
10 -> 97
11 -> 52
12 -> 75
13 -> 24
14 -> 22
15 -> 34
16 -> 18
17 -> 32
18 -> 16
19 -> 57
20 -> 81
21 -> 42
22 -> 58
23 -> 78
24 -> 13
25 -> 17
26 -> 54
27 -> 89
28 -> 37
29 -> 66
30 -> 36
31 -> 9
32 -> 50
33 -> 4
34 -> 15
35 -> 47
36 -> 30
37 -> 88
38 -> 63
39 -> 71
40 -> 73
41 -> 56
42 -> 21
43 -> 44
44 -> 43
45 -> 68
46 -> 1
47 -> 35
48 -> 80
49 -> 62
50 -> 40
51 -> 83
52 -> 11
53 -> 60
54 -> 26
55 -> 90
56 -> 41
57 -> 19
58 -> 8
59 -> 98
60 -> 53
61 -> 64
62 -> 49
63 -> 38
64 -> 61
65 -> 2
66 -> 29
67 -> 94
68 -> 45
69 -> 77
70 -> 82
71 -> 39
72 -> 86
73 -> 25
74 -> 14
75 -> 12
76 -> 28
77 -> 69
78 -> 23
79 -> 91
80 -> 48
81 -> 20
82 -> 70
83 -> 51
84 -> 6
85 -> 95
86 -> 72
87 -> 99
88 -> 65
89 -> 27
90 -> 55
91 -> 79
92 -> 5
93 -> 7
94 -> 67
95 -> 74
96 -> 3
97 -> 10
98 -> 59
99 -> 87
100 -> 85

Cycles:
(1 46)
(2 100 85 95 74 14 22 58 8 76 28 37 88 65)
(3 96)
(4 33)
(5 92)
(6 84)
(7 93)
(9 31)
(10 97)
(11 52)
(12 75)
(13 24)
(15 34)
(16 18)
(17 32 50 40 73 25)
(19 57)
(20 81)
(21 42)
(23 78)
(26 54)
(27 89)
(29 66)
(30 36)
(35 47)
(38 63)
(39 71)
(41 56)
(43 44)
(45 68)
(48 80)
(49 62)
(51 83)
(53 60)
(55 90)
(59 98)
(61 64)
(67 94)
(69 77)
(70 82)
(72 86)
(79 91)
(87 99)

Cycle à casser:
(1 46)

################
Résolution 2

Permutations:
1 -> 77
2 -> 65
3 -> 96
4 -> 33
5 -> 92
6 -> 84
7 -> 93
8 -> 58
9 -> 31
10 -> 97
11 -> 52
12 -> 75
13 -> 24
14 -> 22
15 -> 34
16 -> 18
17 -> 25
18 -> 16
19 -> 57
20 -> 81
21 -> 42
22 -> 14
23 -> 78
24 -> 13
25 -> 46
26 -> 54
27 -> 89
28 -> 76
29 -> 66
30 -> 36
31 -> 9
32 -> 50
33 -> 4
34 -> 15
35 -> 47
36 -> 43
37 -> 28
38 -> 63
39 -> 71
40 -> 73
41 -> 56
42 -> 21
43 -> 44
44 -> 17
45 -> 68
46 -> 1
47 -> 35
48 -> 80
49 -> 62
50 -> 32
51 -> 83
52 -> 11
53 -> 60
54 -> 26
55 -> 90
56 -> 41
57 -> 19
58 -> 8
59 -> 98
60 -> 53
61 -> 64
62 -> 49
63 -> 38
64 -> 61
65 -> 88
66 -> 29
67 -> 94
68 -> 45
69 -> 74
70 -> 82
71 -> 39
72 -> 86
73 -> 40
74 -> 95
75 -> 12
76 -> 30
77 -> 69
78 -> 23
79 -> 91
80 -> 48
81 -> 20
82 -> 70
83 -> 51
84 -> 6
85 -> 100
86 -> 72
87 -> 99
88 -> 37
89 -> 27
90 -> 55
91 -> 79
92 -> 5
93 -> 7
94 -> 67
95 -> 85
96 -> 3
97 -> 10
98 -> 59
99 -> 87
100 -> 2

Cycles:
(1 77 69 74 95 85 100 2 65 88 37 28 76 30 36 43 44 17 25 46)
(3 96)
(4 33)
(5 92)
(6 84)
(7 93)
(8 58)
(9 31)
(10 97)
(11 52)
(12 75)
(13 24)
(14 22)
(15 34)
(16 18)
(19 57)
(20 81)
(21 42)
(23 78)
(26 54)
(27 89)
(29 66)
(32 50)
(35 47)
(38 63)
(39 71)
(40 73)
(41 56)
(45 68)
(48 80)
(49 62)
(51 83)
(53 60)
(55 90)
(59 98)
(61 64)
(67 94)
(70 82)
(72 86)
(79 91)
(87 99)

Cycle à casser:
(3 96)

################
Résolution 3

Permutations:
1 -> 46
2 -> 100
3 -> 96
4 -> 33
5 -> 92
6 -> 84
7 -> 93
8 -> 58
9 -> 31
10 -> 97
11 -> 52
12 -> 75
13 -> 24
14 -> 22
15 -> 34
16 -> 18
17 -> 3
18 -> 16
19 -> 57
20 -> 81
21 -> 42
22 -> 14
23 -> 78
24 -> 13
25 -> 73
26 -> 54
27 -> 89
28 -> 76
29 -> 66
30 -> 36
31 -> 41
32 -> 50
33 -> 4
34 -> 15
35 -> 47
36 -> 43
37 -> 28
38 -> 63
39 -> 71
40 -> 86
41 -> 56
42 -> 21
43 -> 44
44 -> 17
45 -> 68
46 -> 25
47 -> 35
48 -> 80
49 -> 62
50 -> 32
51 -> 83
52 -> 11
53 -> 60
54 -> 26
55 -> 90
56 -> 53
57 -> 19
58 -> 8
59 -> 98
60 -> 85
61 -> 64
62 -> 49
63 -> 38
64 -> 61
65 -> 88
66 -> 29
67 -> 94
68 -> 45
69 -> 77
70 -> 82
71 -> 39
72 -> 23
73 -> 40
74 -> 69
75 -> 12
76 -> 30
77 -> 1
78 -> 65
79 -> 91
80 -> 48
81 -> 20
82 -> 70
83 -> 51
84 -> 6
85 -> 95
86 -> 72
87 -> 99
88 -> 37
89 -> 9
90 -> 55
91 -> 27
92 -> 5
93 -> 7
94 -> 67
95 -> 74
96 -> 79
97 -> 10
98 -> 59
99 -> 87
100 -> 2

Cycles:
(1 46 25 73 40 86 72 23 78 65 88 37 28 76 30 36 43 44 17 3 96 79 91 27 89 9 31 41 56 53 60 85 95 74 69 77)
(2 100)
(4 33)
(5 92)
(6 84)
(7 93)
(8 58)
(10 97)
(11 52)
(12 75)
(13 24)
(14 22)
(15 34)
(16 18)
(19 57)
(20 81)
(21 42)
(26 54)
(29 66)
(32 50)
(35 47)
(38 63)
(39 71)
(45 68)
(48 80)
(49 62)
(51 83)
(55 90)
(59 98)
(61 64)
(67 94)
(70 82)
(87 99)

Cycle à casser:
(2 100)

################
Résolution 4

Permutations:
1 -> 46
2 -> 100
3 -> 1
4 -> 33
5 -> 92
6 -> 84
7 -> 93
8 -> 58
9 -> 89
10 -> 97
11 -> 52
12 -> 75
13 -> 24
14 -> 22
15 -> 34
16 -> 18
17 -> 44
18 -> 16
19 -> 57
20 -> 81
21 -> 42
22 -> 14
23 -> 78
24 -> 13
25 -> 73
26 -> 54
27 -> 91
28 -> 37
29 -> 66
30 -> 76
31 -> 9
32 -> 17
33 -> 4
34 -> 15
35 -> 47
36 -> 30
37 -> 88
38 -> 63
39 -> 71
40 -> 50
41 -> 31
42 -> 21
43 -> 36
44 -> 43
45 -> 68
46 -> 25
47 -> 35
48 -> 80
49 -> 62
50 -> 32
51 -> 83
52 -> 11
53 -> 56
54 -> 26
55 -> 90
56 -> 41
57 -> 19
58 -> 8
59 -> 98
60 -> 53
61 -> 64
62 -> 49
63 -> 38
64 -> 61
65 -> 2
66 -> 29
67 -> 94
68 -> 45
69 -> 77
70 -> 82
71 -> 39
72 -> 86
73 -> 40
74 -> 95
75 -> 12
76 -> 28
77 -> 69
78 -> 23
79 -> 96
80 -> 48
81 -> 20
82 -> 70
83 -> 51
84 -> 6
85 -> 60
86 -> 72
87 -> 99
88 -> 65
89 -> 27
90 -> 55
91 -> 79
92 -> 5
93 -> 7
94 -> 67
95 -> 74
96 -> 3
97 -> 10
98 -> 59
99 -> 87
100 -> 85

Cycles:
(1 46 25 73 40 50 32 17 44 43 36 30 76 28 37 88 65 2 100 85 60 53 56 41 31 9 89 27 91 79 96 3)
(4 33)
(5 92)
(6 84)
(7 93)
(8 58)
(10 97)
(11 52)
(12 75)
(13 24)
(14 22)
(15 34)
(16 18)
(19 57)
(20 81)
(21 42)
(23 78)
(26 54)
(29 66)
(35 47)
(38 63)
(39 71)
(45 68)
(48 80)
(49 62)
(51 83)
(55 90)
(59 98)
(61 64)
(67 94)
(69 77)
(70 82)
(72 86)
(74 95)
(87 99)

Cycle à casser:
(4 33)

################
Résolution 5

Permutations:
1 -> 46
2 -> 100
3 -> 96
4 -> 33
5 -> 92
6 -> 84
7 -> 93
8 -> 76
9 -> 31
10 -> 97
11 -> 21
12 -> 75
13 -> 24
14 -> 22
15 -> 34
16 -> 18
17 -> 3
18 -> 16
19 -> 57
20 -> 81
21 -> 42
22 -> 14
23 -> 78
24 -> 13
25 -> 73
26 -> 54
27 -> 89
28 -> 37
29 -> 66
30 -> 36
31 -> 9
32 -> 50
33 -> 58
34 -> 15
35 -> 47
36 -> 43
37 -> 28
38 -> 63
39 -> 71
40 -> 86
41 -> 56
42 -> 88
43 -> 44
44 -> 17
45 -> 68
46 -> 25
47 -> 35
48 -> 80
49 -> 62
50 -> 32
51 -> 83
52 -> 11
53 -> 60
54 -> 26
55 -> 90
56 -> 41
57 -> 19
58 -> 8
59 -> 98
60 -> 53
61 -> 64
62 -> 49
63 -> 38
64 -> 61
65 -> 2
66 -> 29
67 -> 94
68 -> 45
69 -> 77
70 -> 82
71 -> 48
72 -> 23
73 -> 40
74 -> 69
75 -> 12
76 -> 30
77 -> 1
78 -> 4
79 -> 91
80 -> 39
81 -> 20
82 -> 70
83 -> 51
84 -> 6
85 -> 95
86 -> 72
87 -> 99
88 -> 65
89 -> 27
90 -> 55
91 -> 79
92 -> 5
93 -> 7
94 -> 67
95 -> 74
96 -> 52
97 -> 10
98 -> 59
99 -> 87
100 -> 85

Cycles:
(1 46 25 73 40 86 72 23 78 4 33 58 8 76 30 36 43 44 17 3 96 52 11 21 42 88 65 2 100 85 95 74 69 77)
(5 92)
(6 84)
(7 93)
(9 31)
(10 97)
(12 75)
(13 24)
(14 22)
(15 34)
(16 18)
(19 57)
(20 81)
(26 54)
(27 89)
(28 37)
(29 66)
(32 50)
(35 47)
(38 63)
(39 71 48 80)
(41 56)
(45 68)
(49 62)
(51 83)
(53 60)
(55 90)
(59 98)
(61 64)
(67 94)
(70 82)
(79 91)
(87 99)

Cycle à casser:
(5 92)

################
Résolution 6

Permutations:
1 -> 77
2 -> 65
3 -> 96
4 -> 78
5 -> 43
6 -> 84
7 -> 61
8 -> 58
9 -> 31
10 -> 97
11 -> 52
12 -> 75
13 -> 24
14 -> 22
15 -> 34
16 -> 18
17 -> 3
18 -> 16
19 -> 57
20 -> 81
21 -> 42
22 -> 14
23 -> 72
24 -> 13
25 -> 46
26 -> 54
27 -> 89
28 -> 76
29 -> 66
30 -> 36
31 -> 41
32 -> 50
33 -> 4
34 -> 15
35 -> 47
36 -> 30
37 -> 28
38 -> 63
39 -> 71
40 -> 73
41 -> 56
42 -> 21
43 -> 44
44 -> 17
45 -> 68
46 -> 1
47 -> 35
48 -> 80
49 -> 62
50 -> 32
51 -> 83
52 -> 11
53 -> 60
54 -> 26
55 -> 90
56 -> 53
57 -> 19
58 -> 33
59 -> 98
60 -> 85
61 -> 64
62 -> 49
63 -> 38
64 -> 92
65 -> 88
66 -> 29
67 -> 94
68 -> 45
69 -> 74
70 -> 82
71 -> 39
72 -> 86
73 -> 25
74 -> 95
75 -> 12
76 -> 8
77 -> 69
78 -> 23
79 -> 91
80 -> 48
81 -> 20
82 -> 70
83 -> 51
84 -> 6
85 -> 100
86 -> 40
87 -> 99
88 -> 37
89 -> 9
90 -> 55
91 -> 27
92 -> 5
93 -> 7
94 -> 67
95 -> 93
96 -> 79
97 -> 10
98 -> 59
99 -> 87
100 -> 2

Cycles:
(1 77 69 74 95 93 7 61 64 92 5 43 44 17 3 96 79 91 27 89 9 31 41 56 53 60 85 100 2 65 88 37 28 76 8 58 33 4 78 23 72 86 40 73 25 46)
(6 84)
(10 97)
(11 52)
(12 75)
(13 24)
(14 22)
(15 34)
(16 18)
(19 57)
(20 81)
(21 42)
(26 54)
(29 66)
(30 36)
(32 50)
(35 47)
(38 63)
(39 71)
(45 68)
(48 80)
(49 62)
(51 83)
(55 90)
(59 98)
(67 94)
(70 82)
(87 99)

Cycle à casser:
(6 84)

################
Résolution 7

Permutations:
1 -> 46
2 -> 100
3 -> 17
4 -> 33
5 -> 92
6 -> 22
7 -> 93
8 -> 76
9 -> 89
10 -> 97
11 -> 52
12 -> 75
13 -> 24
14 -> 84
15 -> 34
16 -> 18
17 -> 44
18 -> 16
19 -> 57
20 -> 81
21 -> 42
22 -> 14
23 -> 78
24 -> 13
25 -> 73
26 -> 54
27 -> 91
28 -> 37
29 -> 66
30 -> 36
31 -> 9
32 -> 50
33 -> 58
34 -> 15
35 -> 47
36 -> 30
37 -> 88
38 -> 63
39 -> 71
40 -> 86
41 -> 31
42 -> 21
43 -> 5
44 -> 43
45 -> 68
46 -> 25
47 -> 35
48 -> 80
49 -> 62
50 -> 32
51 -> 83
52 -> 11
53 -> 56
54 -> 26
55 -> 90
56 -> 41
57 -> 19
58 -> 8
59 -> 98
60 -> 53
61 -> 7
62 -> 49
63 -> 38
64 -> 61
65 -> 2
66 -> 29
67 -> 94
68 -> 45
69 -> 77
70 -> 82
71 -> 48
72 -> 23
73 -> 40
74 -> 69
75 -> 12
76 -> 28
77 -> 1
78 -> 4
79 -> 96
80 -> 39
81 -> 20
82 -> 70
83 -> 51
84 -> 6
85 -> 60
86 -> 72
87 -> 99
88 -> 65
89 -> 27
90 -> 55
91 -> 79
92 -> 64
93 -> 95
94 -> 67
95 -> 74
96 -> 3
97 -> 10
98 -> 59
99 -> 87
100 -> 85

Cycles:
(1 46 25 73 40 86 72 23 78 4 33 58 8 76 28 37 88 65 2 100 85 60 53 56 41 31 9 89 27 91 79 96 3 17 44 43 5 92 64 61 7 93 95 74 69 77)
(6 22 14 84)
(10 97)
(11 52)
(12 75)
(13 24)
(15 34)
(16 18)
(19 57)
(20 81)
(21 42)
(26 54)
(29 66)
(30 36)
(32 50)
(35 47)
(38 63)
(39 71 48 80)
(45 68)
(49 62)
(51 83)
(55 90)
(59 98)
(67 94)
(70 82)
(87 99)

Cycle à casser:
(10 97)

################
Résolution 8

Permutations:
1 -> 46
2 -> 100
3 -> 17
4 -> 33
5 -> 92
6 -> 84
7 -> 61
8 -> 76
9 -> 89
10 -> 4
11 -> 52
12 -> 75
13 -> 24
14 -> 22
15 -> 34
16 -> 18
17 -> 44
18 -> 16
19 -> 57
20 -> 81
21 -> 11
22 -> 6
23 -> 78
24 -> 13
25 -> 73
26 -> 54
27 -> 91
28 -> 37
29 -> 66
30 -> 36
31 -> 9
32 -> 50
33 -> 58
34 -> 15
35 -> 47
36 -> 30
37 -> 88
38 -> 63
39 -> 71
40 -> 86
41 -> 31
42 -> 21
43 -> 5
44 -> 43
45 -> 68
46 -> 25
47 -> 97
48 -> 80
49 -> 62
50 -> 32
51 -> 83
52 -> 96
53 -> 56
54 -> 26
55 -> 90
56 -> 41
57 -> 19
58 -> 8
59 -> 98
60 -> 53
61 -> 7
62 -> 49
63 -> 38
64 -> 35
65 -> 2
66 -> 29
67 -> 94
68 -> 45
69 -> 77
70 -> 82
71 -> 48
72 -> 23
73 -> 40
74 -> 69
75 -> 12
76 -> 28
77 -> 1
78 -> 65
79 -> 93
80 -> 39
81 -> 20
82 -> 70
83 -> 51
84 -> 14
85 -> 60
86 -> 72
87 -> 99
88 -> 42
89 -> 27
90 -> 55
91 -> 79
92 -> 64
93 -> 95
94 -> 67
95 -> 74
96 -> 3
97 -> 10
98 -> 59
99 -> 87
100 -> 85

Cycles:
(1 46 25 73 40 86 72 23 78 65 2 100 85 60 53 56 41 31 9 89 27 91 79 93 95 74 69 77)
(3 17 44 43 5 92 64 35 47 97 10 4 33 58 8 76 28 37 88 42 21 11 52 96)
(6 84 14 22)
(7 61)
(12 75)
(13 24)
(15 34)
(16 18)
(19 57)
(20 81)
(26 54)
(29 66)
(30 36)
(32 50)
(38 63)
(39 71 48 80)
(45 68)
(49 62)
(51 83)
(55 90)
(59 98)
(67 94)
(70 82)
(87 99)

Cycle à casser:
(7 61)

################
Résolution 9

Permutations:
1 -> 46
2 -> 100
3 -> 96
4 -> 10
5 -> 43
6 -> 22
7 -> 93
8 -> 76
9 -> 31
10 -> 97
11 -> 88
12 -> 75
13 -> 24
14 -> 84
15 -> 34
16 -> 18
17 -> 3
18 -> 16
19 -> 57
20 -> 81
21 -> 42
22 -> 14
23 -> 78
24 -> 13
25 -> 73
26 -> 54
27 -> 89
28 -> 37
29 -> 66
30 -> 36
31 -> 9
32 -> 50
33 -> 58
34 -> 15
35 -> 64
36 -> 30
37 -> 28
38 -> 63
39 -> 71
40 -> 86
41 -> 56
42 -> 21
43 -> 44
44 -> 17
45 -> 68
46 -> 25
47 -> 35
48 -> 80
49 -> 62
50 -> 32
51 -> 83
52 -> 11
53 -> 60
54 -> 26
55 -> 61
56 -> 41
57 -> 19
58 -> 33
59 -> 98
60 -> 53
61 -> 7
62 -> 49
63 -> 38
64 -> 92
65 -> 2
66 -> 29
67 -> 94
68 -> 45
69 -> 77
70 -> 82
71 -> 48
72 -> 23
73 -> 40
74 -> 69
75 -> 12
76 -> 8
77 -> 1
78 -> 4
79 -> 91
80 -> 39
81 -> 20
82 -> 70
83 -> 51
84 -> 6
85 -> 95
86 -> 72
87 -> 99
88 -> 65
89 -> 90
90 -> 55
91 -> 27
92 -> 5
93 -> 79
94 -> 67
95 -> 74
96 -> 52
97 -> 47
98 -> 59
99 -> 87
100 -> 85

Cycles:
(1 46 25 73 40 86 72 23 78 4 10 97 47 35 64 92 5 43 44 17 3 96 52 11 88 65 2 100 85 95 74 69 77)
(6 22 14 84)
(7 93 79 91 27 89 90 55 61)
(8 76)
(9 31)
(12 75)
(13 24)
(15 34)
(16 18)
(19 57)
(20 81)
(21 42)
(26 54)
(28 37)
(29 66)
(30 36)
(32 50)
(33 58)
(38 63)
(39 71 48 80)
(41 56)
(45 68)
(49 62)
(51 83)
(53 60)
(59 98)
(67 94)
(70 82)
(87 99)

Cycle à casser:
(8 76)

################
Résolution 10

Permutations:
1 -> 46
2 -> 100
3 -> 17
4 -> 33
5 -> 92
6 -> 84
7 -> 93
8 -> 76
9 -> 31
10 -> 4
11 -> 52
12 -> 75
13 -> 24
14 -> 22
15 -> 34
16 -> 18
17 -> 25
18 -> 16
19 -> 57
20 -> 81
21 -> 42
22 -> 6
23 -> 78
24 -> 13
25 -> 73
26 -> 54
27 -> 89
28 -> 37
29 -> 66
30 -> 36
31 -> 9
32 -> 50
33 -> 58
34 -> 15
35 -> 47
36 -> 30
37 -> 88
38 -> 63
39 -> 71
40 -> 86
41 -> 56
42 -> 21
43 -> 44
44 -> 43
45 -> 68
46 -> 99
47 -> 35
48 -> 80
49 -> 62
50 -> 32
51 -> 83
52 -> 96
53 -> 60
54 -> 26
55 -> 90
56 -> 41
57 -> 19
58 -> 8
59 -> 98
60 -> 53
61 -> 7
62 -> 49
63 -> 38
64 -> 61
65 -> 2
66 -> 29
67 -> 94
68 -> 45
69 -> 77
70 -> 82
71 -> 48
72 -> 23
73 -> 40
74 -> 69
75 -> 12
76 -> 28
77 -> 1
78 -> 65
79 -> 91
80 -> 39
81 -> 20
82 -> 70
83 -> 51
84 -> 14
85 -> 5
86 -> 72
87 -> 97
88 -> 11
89 -> 27
90 -> 55
91 -> 79
92 -> 64
93 -> 95
94 -> 67
95 -> 74
96 -> 3
97 -> 10
98 -> 59
99 -> 87
100 -> 85

Cycles:
(1 46 99 87 97 10 4 33 58 8 76 28 37 88 11 52 96 3 17 25 73 40 86 72 23 78 65 2 100 85 5 92 64 61 7 93 95 74 69 77)
(6 84 14 22)
(9 31)
(12 75)
(13 24)
(15 34)
(16 18)
(19 57)
(20 81)
(21 42)
(26 54)
(27 89)
(29 66)
(30 36)
(32 50)
(35 47)
(38 63)
(39 71 48 80)
(41 56)
(43 44)
(45 68)
(49 62)
(51 83)
(53 60)
(55 90)
(59 98)
(67 94)
(70 82)
(79 91)

Cycle à casser:
(9 31)

################
Résolution 11

Permutations:
1 -> 46
2 -> 100
3 -> 1
4 -> 33
5 -> 43
6 -> 84
7 -> 61
8 -> 76
9 -> 89
10 -> 4
11 -> 52
12 -> 75
13 -> 24
14 -> 22
15 -> 34
16 -> 18
17 -> 25
18 -> 16
19 -> 57
20 -> 81
21 -> 42
22 -> 6
23 -> 78
24 -> 13
25 -> 73
26 -> 54
27 -> 91
28 -> 37
29 -> 66
30 -> 36
31 -> 9
32 -> 50
33 -> 58
34 -> 15
35 -> 47
36 -> 30
37 -> 88
38 -> 63
39 -> 71
40 -> 86
41 -> 31
42 -> 21
43 -> 44
44 -> 17
45 -> 68
46 -> 99
47 -> 35
48 -> 80
49 -> 62
50 -> 32
51 -> 83
52 -> 96
53 -> 56
54 -> 26
55 -> 90
56 -> 41
57 -> 19
58 -> 8
59 -> 98
60 -> 53
61 -> 64
62 -> 49
63 -> 38
64 -> 92
65 -> 2
66 -> 29
67 -> 94
68 -> 45
69 -> 77
70 -> 82
71 -> 48
72 -> 23
73 -> 40
74 -> 95
75 -> 12
76 -> 28
77 -> 69
78 -> 65
79 -> 93
80 -> 39
81 -> 20
82 -> 70
83 -> 51
84 -> 14
85 -> 60
86 -> 72
87 -> 97
88 -> 11
89 -> 27
90 -> 55
91 -> 79
92 -> 5
93 -> 7
94 -> 67
95 -> 74
96 -> 3
97 -> 10
98 -> 59
99 -> 87
100 -> 85

Cycles:
(1 46 99 87 97 10 4 33 58 8 76 28 37 88 11 52 96 3)
(2 100 85 60 53 56 41 31 9 89 27 91 79 93 7 61 64 92 5 43 44 17 25 73 40 86 72 23 78 65)
(6 84 14 22)
(12 75)
(13 24)
(15 34)
(16 18)
(19 57)
(20 81)
(21 42)
(26 54)
(29 66)
(30 36)
(32 50)
(35 47)
(38 63)
(39 71 48 80)
(45 68)
(49 62)
(51 83)
(55 90)
(59 98)
(67 94)
(69 77)
(70 82)
(74 95)

Cycle à casser:
(12 75)

################
Résolution 12

Permutations:
1 -> 46
2 -> 65
3 -> 96
4 -> 10
5 -> 92
6 -> 84
7 -> 93
8 -> 58
9 -> 31
10 -> 97
11 -> 52
12 -> 75
13 -> 24
14 -> 22
15 -> 34
16 -> 18
17 -> 3
18 -> 16
19 -> 57
20 -> 81
21 -> 42
22 -> 6
23 -> 78
24 -> 13
25 -> 73
26 -> 54
27 -> 89
28 -> 76
29 -> 66
30 -> 36
31 -> 41
32 -> 17
33 -> 4
34 -> 15
35 -> 47
36 -> 30
37 -> 28
38 -> 63
39 -> 71
40 -> 50
41 -> 56
42 -> 21
43 -> 44
44 -> 43
45 -> 68
46 -> 25
47 -> 35
48 -> 80
49 -> 62
50 -> 32
51 -> 83
52 -> 11
53 -> 60
54 -> 26
55 -> 90
56 -> 53
57 -> 19
58 -> 33
59 -> 98
60 -> 85
61 -> 7
62 -> 49
63 -> 38
64 -> 61
65 -> 88
66 -> 29
67 -> 94
68 -> 45
69 -> 77
70 -> 82
71 -> 48
72 -> 86
73 -> 40
74 -> 69
75 -> 5
76 -> 8
77 -> 1
78 -> 23
79 -> 91
80 -> 39
81 -> 20
82 -> 70
83 -> 51
84 -> 14
85 -> 100
86 -> 72
87 -> 99
88 -> 37
89 -> 9
90 -> 55
91 -> 27
92 -> 64
93 -> 95
94 -> 67
95 -> 74
96 -> 79
97 -> 12
98 -> 59
99 -> 87
100 -> 2

Cycles:
(1 46 25 73 40 50 32 17 3 96 79 91 27 89 9 31 41 56 53 60 85 100 2 65 88 37 28 76 8 58 33 4 10 97 12 75 5 92 64 61 7 93 95 74 69 77)
(6 84 14 22)
(11 52)
(13 24)
(15 34)
(16 18)
(19 57)
(20 81)
(21 42)
(23 78)
(26 54)
(29 66)
(30 36)
(35 47)
(38 63)
(39 71 48 80)
(43 44)
(45 68)
(49 62)
(51 83)
(55 90)
(59 98)
(67 94)
(70 82)
(72 86)
(87 99)

Cycle à casser:
(11 52)

################
Résolution 13

Permutations:
1 -> 3
2 -> 100
3 -> 96
4 -> 10
5 -> 75
6 -> 84
7 -> 61
8 -> 58
9 -> 89
10 -> 97
11 -> 21
12 -> 43
13 -> 24
14 -> 22
15 -> 34
16 -> 18
17 -> 32
18 -> 16
19 -> 57
20 -> 81
21 -> 42
22 -> 6
23 -> 78
24 -> 13
25 -> 73
26 -> 54
27 -> 91
28 -> 76
29 -> 66
30 -> 36
31 -> 9
32 -> 50
33 -> 4
34 -> 15
35 -> 47
36 -> 30
37 -> 28
38 -> 63
39 -> 71
40 -> 86
41 -> 31
42 -> 88
43 -> 44
44 -> 17
45 -> 68
46 -> 1
47 -> 35
48 -> 80
49 -> 62
50 -> 40
51 -> 83
52 -> 11
53 -> 56
54 -> 26
55 -> 90
56 -> 41
57 -> 19
58 -> 33
59 -> 98
60 -> 53
61 -> 64
62 -> 49
63 -> 38
64 -> 92
65 -> 2
66 -> 29
67 -> 94
68 -> 45
69 -> 77
70 -> 82
71 -> 39
72 -> 23
73 -> 25
74 -> 95
75 -> 12
76 -> 8
77 -> 69
78 -> 65
79 -> 93
80 -> 48
81 -> 20
82 -> 70
83 -> 51
84 -> 14
85 -> 60
86 -> 72
87 -> 99
88 -> 37
89 -> 27
90 -> 55
91 -> 79
92 -> 5
93 -> 7
94 -> 67
95 -> 74
96 -> 52
97 -> 87
98 -> 59
99 -> 46
100 -> 85

Cycles:
(1 3 96 52 11 21 42 88 37 28 76 8 58 33 4 10 97 87 99 46)
(2 100 85 60 53 56 41 31 9 89 27 91 79 93 7 61 64 92 5 75 12 43 44 17 32 50 40 86 72 23 78 65)
(6 84 14 22)
(13 24)
(15 34)
(16 18)
(19 57)
(20 81)
(25 73)
(26 54)
(29 66)
(30 36)
(35 47)
(38 63)
(39 71)
(45 68)
(48 80)
(49 62)
(51 83)
(55 90)
(59 98)
(67 94)
(69 77)
(70 82)
(74 95)

Cycle à casser:
(13 24)

################
Résolution 14

Permutations:
1 -> 75
2 -> 65
3 -> 17
4 -> 33
5 -> 92
6 -> 84
7 -> 93
8 -> 76
9 -> 31
10 -> 97
11 -> 52
12 -> 10
13 -> 55
14 -> 22
15 -> 34
16 -> 18
17 -> 25
18 -> 16
19 -> 57
20 -> 81
21 -> 11
22 -> 6
23 -> 72
24 -> 13
25 -> 73
26 -> 54
27 -> 89
28 -> 37
29 -> 66
30 -> 36
31 -> 41
32 -> 50
33 -> 58
34 -> 15
35 -> 47
36 -> 30
37 -> 88
38 -> 63
39 -> 71
40 -> 86
41 -> 56
42 -> 21
43 -> 44
44 -> 43
45 -> 68
46 -> 1
47 -> 35
48 -> 80
49 -> 62
50 -> 32
51 -> 83
52 -> 96
53 -> 60
54 -> 26
55 -> 90
56 -> 53
57 -> 19
58 -> 8
59 -> 98
60 -> 85
61 -> 7
62 -> 49
63 -> 38
64 -> 61
65 -> 78
66 -> 29
67 -> 94
68 -> 45
69 -> 77
70 -> 82
71 -> 39
72 -> 23
73 -> 24
74 -> 95
75 -> 12
76 -> 28
77 -> 69
78 -> 4
79 -> 91
80 -> 48
81 -> 20
82 -> 70
83 -> 51
84 -> 14
85 -> 100
86 -> 40
87 -> 99
88 -> 42
89 -> 9
90 -> 5
91 -> 27
92 -> 64
93 -> 79
94 -> 67
95 -> 74
96 -> 3
97 -> 87
98 -> 59
99 -> 46
100 -> 2

Cycles:
(1 75 12 10 97 87 99 46)
(2 65 78 4 33 58 8 76 28 37 88 42 21 11 52 96 3 17 25 73 24 13 55 90 5 92 64 61 7 93 79 91 27 89 9 31 41 56 53 60 85 100)
(6 84 14 22)
(15 34)
(16 18)
(19 57)
(20 81)
(23 72)
(26 54)
(29 66)
(30 36)
(32 50)
(35 47)
(38 63)
(39 71)
(40 86)
(43 44)
(45 68)
(48 80)
(49 62)
(51 83)
(59 98)
(67 94)
(69 77)
(70 82)
(74 95)

Cycle à casser:
(15 34)

################
Résolution 15

Permutations:
1 -> 46
2 -> 100
3 -> 96
4 -> 10
5 -> 75
6 -> 22
7 -> 93
8 -> 58
9 -> 31
10 -> 97
11 -> 88
12 -> 43
13 -> 55
14 -> 84
15 -> 61
16 -> 18
17 -> 3
18 -> 16
19 -> 57
20 -> 81
21 -> 42
22 -> 14
23 -> 78
24 -> 13
25 -> 73
26 -> 54
27 -> 89
28 -> 76
29 -> 66
30 -> 36
31 -> 34
32 -> 50
33 -> 4
34 -> 15
35 -> 64
36 -> 30
37 -> 28
38 -> 63
39 -> 71
40 -> 86
41 -> 56
42 -> 21
43 -> 44
44 -> 17
45 -> 68
46 -> 25
47 -> 35
48 -> 80
49 -> 62
50 -> 32
51 -> 83
52 -> 11
53 -> 60
54 -> 26
55 -> 90
56 -> 41
57 -> 19
58 -> 33
59 -> 98
60 -> 53
61 -> 7
62 -> 49
63 -> 38
64 -> 92
65 -> 2
66 -> 29
67 -> 94
68 -> 45
69 -> 77
70 -> 82
71 -> 48
72 -> 23
73 -> 24
74 -> 69
75 -> 12
76 -> 8
77 -> 1
78 -> 65
79 -> 91
80 -> 39
81 -> 20
82 -> 70
83 -> 51
84 -> 6
85 -> 95
86 -> 72
87 -> 99
88 -> 37
89 -> 9
90 -> 40
91 -> 27
92 -> 5
93 -> 79
94 -> 67
95 -> 74
96 -> 52
97 -> 47
98 -> 59
99 -> 87
100 -> 85

Cycles:
(1 46 25 73 24 13 55 90 40 86 72 23 78 65 2 100 85 95 74 69 77)
(3 96 52 11 88 37 28 76 8 58 33 4 10 97 47 35 64 92 5 75 12 43 44 17)
(6 22 14 84)
(7 93 79 91 27 89 9 31 34 15 61)
(16 18)
(19 57)
(20 81)
(21 42)
(26 54)
(29 66)
(30 36)
(32 50)
(38 63)
(39 71 48 80)
(41 56)
(45 68)
(49 62)
(51 83)
(53 60)
(59 98)
(67 94)
(70 82)
(87 99)

Cycle à casser:
(16 18)

################
Résolution 16

Permutations:
1 -> 3
2 -> 65
3 -> 96
4 -> 10
5 -> 75
6 -> 22
7 -> 93
8 -> 58
9 -> 89
10 -> 97
11 -> 9
12 -> 43
13 -> 24
14 -> 84
15 -> 61
16 -> 28
17 -> 32
18 -> 16
19 -> 57
20 -> 81
21 -> 42
22 -> 14
23 -> 72
24 -> 63
25 -> 46
26 -> 54
27 -> 18
28 -> 76
29 -> 66
30 -> 36
31 -> 41
32 -> 50
33 -> 4
34 -> 15
35 -> 64
36 -> 30
37 -> 88
38 -> 60
39 -> 71
40 -> 73
41 -> 31
42 -> 21
43 -> 44
44 -> 17
45 -> 68
46 -> 1
47 -> 35
48 -> 80
49 -> 62
50 -> 34
51 -> 83
52 -> 11
53 -> 56
54 -> 26
55 -> 13
56 -> 53
57 -> 19
58 -> 33
59 -> 98
60 -> 85
61 -> 7
62 -> 49
63 -> 38
64 -> 92
65 -> 78
66 -> 29
67 -> 94
68 -> 45
69 -> 77
70 -> 82
71 -> 48
72 -> 86
73 -> 25
74 -> 95
75 -> 12
76 -> 8
77 -> 69
78 -> 23
79 -> 91
80 -> 39
81 -> 20
82 -> 70
83 -> 51
84 -> 6
85 -> 100
86 -> 40
87 -> 99
88 -> 37
89 -> 90
90 -> 55
91 -> 27
92 -> 5
93 -> 79
94 -> 67
95 -> 74
96 -> 52
97 -> 47
98 -> 59
99 -> 87
100 -> 2

Cycles:
(1 3 96 52 11 9 89 90 55 13 24 63 38 60 85 100 2 65 78 23 72 86 40 73 25 46)
(4 10 97 47 35 64 92 5 75 12 43 44 17 32 50 34 15 61 7 93 79 91 27 18 16 28 76 8 58 33)
(6 22 14 84)
(19 57)
(20 81)
(21 42)
(26 54)
(29 66)
(30 36)
(31 41)
(37 88)
(39 71 48 80)
(45 68)
(49 62)
(51 83)
(53 56)
(59 98)
(67 94)
(69 77)
(70 82)
(74 95)
(87 99)

Cycle à casser:
(19 57)

################
Résolution 17

Permutations:
1 -> 46
2 -> 100
3 -> 1
4 -> 10
5 -> 75
6 -> 22
7 -> 93
8 -> 58
9 -> 11
10 -> 97
11 -> 52
12 -> 43
13 -> 55
14 -> 84
15 -> 61
16 -> 57
17 -> 32
18 -> 16
19 -> 70
20 -> 81
21 -> 42
22 -> 14
23 -> 78
24 -> 13
25 -> 73
26 -> 54
27 -> 18
28 -> 76
29 -> 66
30 -> 36
31 -> 9
32 -> 50
33 -> 4
34 -> 15
35 -> 64
36 -> 30
37 -> 88
38 -> 63
39 -> 71
40 -> 86
41 -> 31
42 -> 21
43 -> 44
44 -> 17
45 -> 68
46 -> 25
47 -> 35
48 -> 80
49 -> 62
50 -> 34
51 -> 83
52 -> 96
53 -> 56
54 -> 26
55 -> 90
56 -> 41
57 -> 19
58 -> 33
59 -> 98
60 -> 53
61 -> 7
62 -> 49
63 -> 38
64 -> 92
65 -> 2
66 -> 29
67 -> 94
68 -> 45
69 -> 77
70 -> 82
71 -> 48
72 -> 23
73 -> 24
74 -> 95
75 -> 12
76 -> 8
77 -> 69
78 -> 65
79 -> 91
80 -> 39
81 -> 20
82 -> 28
83 -> 40
84 -> 6
85 -> 60
86 -> 72
87 -> 99
88 -> 37
89 -> 27
90 -> 89
91 -> 51
92 -> 5
93 -> 79
94 -> 67
95 -> 74
96 -> 3
97 -> 47
98 -> 59
99 -> 87
100 -> 85

Cycles:
(1 46 25 73 24 13 55 90 89 27 18 16 57 19 70 82 28 76 8 58 33 4 10 97 47 35 64 92 5 75 12 43 44 17 32 50 34 15 61 7 93 79 91 51 83 40 86 72 23 78 65 2 100 85 60 53 56 41 31 9 11 52 96 3)
(6 22 14 84)
(20 81)
(21 42)
(26 54)
(29 66)
(30 36)
(37 88)
(38 63)
(39 71 48 80)
(45 68)
(49 62)
(59 98)
(67 94)
(69 77)
(74 95)
(87 99)

Cycle à casser:
(20 81)

################
Résolution 18

Permutations:
1 -> 46
2 -> 65
3 -> 1
4 -> 10
5 -> 75
6 -> 22
7 -> 93
8 -> 58
9 -> 31
10 -> 97
11 -> 52
12 -> 43
13 -> 55
14 -> 84
15 -> 61
16 -> 57
17 -> 44
18 -> 16
19 -> 70
20 -> 81
21 -> 42
22 -> 14
23 -> 72
24 -> 13
25 -> 73
26 -> 54
27 -> 18
28 -> 37
29 -> 66
30 -> 76
31 -> 34
32 -> 50
33 -> 4
34 -> 15
35 -> 64
36 -> 30
37 -> 88
38 -> 63
39 -> 71
40 -> 83
41 -> 56
42 -> 21
43 -> 36
44 -> 17
45 -> 68
46 -> 25
47 -> 35
48 -> 80
49 -> 62
50 -> 32
51 -> 20
52 -> 96
53 -> 60
54 -> 26
55 -> 90
56 -> 41
57 -> 19
58 -> 33
59 -> 98
60 -> 53
61 -> 7
62 -> 49
63 -> 38
64 -> 92
65 -> 78
66 -> 29
67 -> 94
68 -> 45
69 -> 74
70 -> 82
71 -> 48
72 -> 86
73 -> 24
74 -> 95
75 -> 12
76 -> 8
77 -> 69
78 -> 23
79 -> 91
80 -> 39
81 -> 77
82 -> 28
83 -> 51
84 -> 6
85 -> 100
86 -> 40
87 -> 99
88 -> 11
89 -> 9
90 -> 89
91 -> 27
92 -> 5
93 -> 79
94 -> 67
95 -> 85
96 -> 3
97 -> 47
98 -> 59
99 -> 87
100 -> 2

Cycles:
(1 46 25 73 24 13 55 90 89 9 31 34 15 61 7 93 79 91 27 18 16 57 19 70 82 28 37 88 11 52 96 3)
(2 65 78 23 72 86 40 83 51 20 81 77 69 74 95 85 100)
(4 10 97 47 35 64 92 5 75 12 43 36 30 76 8 58 33)
(6 22 14 84)
(17 44)
(21 42)
(26 54)
(29 66)
(32 50)
(38 63)
(39 71 48 80)
(41 56)
(45 68)
(49 62)
(53 60)
(59 98)
(67 94)
(87 99)

Cycle à casser:
(17 44)

################
Résolution 19

Permutations:
1 -> 46
2 -> 100
3 -> 1
4 -> 10
5 -> 75
6 -> 22
7 -> 93
8 -> 58
9 -> 31
10 -> 97
11 -> 52
12 -> 43
13 -> 55
14 -> 84
15 -> 61
16 -> 57
17 -> 32
18 -> 16
19 -> 70
20 -> 51
21 -> 42
22 -> 14
23 -> 78
24 -> 13
25 -> 73
26 -> 54
27 -> 18
28 -> 76
29 -> 66
30 -> 36
31 -> 41
32 -> 50
33 -> 4
34 -> 15
35 -> 64
36 -> 30
37 -> 88
38 -> 63
39 -> 71
40 -> 86
41 -> 56
42 -> 21
43 -> 44
44 -> 17
45 -> 68
46 -> 25
47 -> 35
48 -> 80
49 -> 62
50 -> 34
51 -> 83
52 -> 96
53 -> 60
54 -> 26
55 -> 90
56 -> 37
57 -> 19
58 -> 33
59 -> 98
60 -> 53
61 -> 7
62 -> 49
63 -> 38
64 -> 92
65 -> 2
66 -> 29
67 -> 94
68 -> 45
69 -> 77
70 -> 82
71 -> 48
72 -> 23
73 -> 24
74 -> 69
75 -> 12
76 -> 8
77 -> 81
78 -> 65
79 -> 91
80 -> 39
81 -> 20
82 -> 28
83 -> 40
84 -> 6
85 -> 95
86 -> 72
87 -> 99
88 -> 11
89 -> 9
90 -> 89
91 -> 27
92 -> 5
93 -> 79
94 -> 67
95 -> 74
96 -> 3
97 -> 47
98 -> 59
99 -> 87
100 -> 85

Cycles:
(1 46 25 73 24 13 55 90 89 9 31 41 56 37 88 11 52 96 3)
(2 100 85 95 74 69 77 81 20 51 83 40 86 72 23 78 65)
(4 10 97 47 35 64 92 5 75 12 43 44 17 32 50 34 15 61 7 93 79 91 27 18 16 57 19 70 82 28 76 8 58 33)
(6 22 14 84)
(21 42)
(26 54)
(29 66)
(30 36)
(38 63)
(39 71 48 80)
(45 68)
(49 62)
(53 60)
(59 98)
(67 94)
(87 99)

Cycle à casser:
(21 42)

################
Résolution 20

Permutations:
1 -> 3
2 -> 65
3 -> 96
4 -> 10
5 -> 75
6 -> 22
7 -> 93
8 -> 58
9 -> 89
10 -> 97
11 -> 21
12 -> 43
13 -> 24
14 -> 84
15 -> 61
16 -> 57
17 -> 32
18 -> 16
19 -> 70
20 -> 81
21 -> 42
22 -> 14
23 -> 72
24 -> 73
25 -> 46
26 -> 54
27 -> 18
28 -> 76
29 -> 66
30 -> 36
31 -> 9
32 -> 50
33 -> 4
34 -> 15
35 -> 64
36 -> 30
37 -> 56
38 -> 63
39 -> 71
40 -> 83
41 -> 31
42 -> 88
43 -> 44
44 -> 17
45 -> 68
46 -> 1
47 -> 35
48 -> 80
49 -> 62
50 -> 34
51 -> 20
52 -> 11
53 -> 60
54 -> 26
55 -> 13
56 -> 41
57 -> 19
58 -> 33
59 -> 98
60 -> 53
61 -> 7
62 -> 49
63 -> 38
64 -> 92
65 -> 78
66 -> 29
67 -> 94
68 -> 45
69 -> 74
70 -> 82
71 -> 48
72 -> 86
73 -> 25
74 -> 95
75 -> 12
76 -> 8
77 -> 69
78 -> 23
79 -> 91
80 -> 39
81 -> 77
82 -> 28
83 -> 51
84 -> 6
85 -> 100
86 -> 40
87 -> 99
88 -> 37
89 -> 90
90 -> 55
91 -> 27
92 -> 5
93 -> 79
94 -> 67
95 -> 85
96 -> 52
97 -> 47
98 -> 59
99 -> 87
100 -> 2

Cycles:
(1 3 96 52 11 21 42 88 37 56 41 31 9 89 90 55 13 24 73 25 46)
(2 65 78 23 72 86 40 83 51 20 81 77 69 74 95 85 100)
(4 10 97 47 35 64 92 5 75 12 43 44 17 32 50 34 15 61 7 93 79 91 27 18 16 57 19 70 82 28 76 8 58 33)
(6 22 14 84)
(26 54)
(29 66)
(30 36)
(38 63)
(39 71 48 80)
(45 68)
(49 62)
(53 60)
(59 98)
(67 94)
(87 99)

Cycle à casser:
(26 54)

################
Résolution 21

Permutations:
1 -> 46
2 -> 65
3 -> 1
4 -> 10
5 -> 75
6 -> 84
7 -> 26
8 -> 58
9 -> 31
10 -> 97
11 -> 52
12 -> 43
13 -> 55
14 -> 22
15 -> 61
16 -> 57
17 -> 32
18 -> 16
19 -> 70
20 -> 81
21 -> 11
22 -> 6
23 -> 72
24 -> 13
25 -> 73
26 -> 54
27 -> 18
28 -> 76
29 -> 66
30 -> 36
31 -> 41
32 -> 50
33 -> 4
34 -> 15
35 -> 64
36 -> 30
37 -> 88
38 -> 63
39 -> 71
40 -> 83
41 -> 56
42 -> 21
43 -> 44
44 -> 17
45 -> 68
46 -> 25
47 -> 35
48 -> 80
49 -> 62
50 -> 34
51 -> 20
52 -> 96
53 -> 60
54 -> 37
55 -> 90
56 -> 53
57 -> 19
58 -> 33
59 -> 98
60 -> 85
61 -> 7
62 -> 49
63 -> 38
64 -> 92
65 -> 78
66 -> 29
67 -> 94
68 -> 45
69 -> 74
70 -> 82
71 -> 48
72 -> 86
73 -> 24
74 -> 95
75 -> 12
76 -> 8
77 -> 69
78 -> 23
79 -> 91
80 -> 39
81 -> 77
82 -> 28
83 -> 51
84 -> 14
85 -> 100
86 -> 40
87 -> 99
88 -> 42
89 -> 9
90 -> 89
91 -> 27
92 -> 5
93 -> 79
94 -> 67
95 -> 93
96 -> 3
97 -> 47
98 -> 59
99 -> 87
100 -> 2

Cycles:
(1 46 25 73 24 13 55 90 89 9 31 41 56 53 60 85 100 2 65 78 23 72 86 40 83 51 20 81 77 69 74 95 93 79 91 27 18 16 57 19 70 82 28 76 8 58 33 4 10 97 47 35 64 92 5 75 12 43 44 17 32 50 34 15 61 7 26 54 37 88 42 21 11 52 96 3)
(6 84 14 22)
(29 66)
(30 36)
(38 63)
(39 71 48 80)
(45 68)
(49 62)
(59 98)
(67 94)
(87 99)

Cycle à casser:
(29 66)

################
Résolution 22

Permutations:
1 -> 46
2 -> 65
3 -> 96
4 -> 10
5 -> 75
6 -> 84
7 -> 93
8 -> 58
9 -> 31
10 -> 97
11 -> 21
12 -> 1
13 -> 55
14 -> 22
15 -> 61
16 -> 57
17 -> 3
18 -> 16
19 -> 70
20 -> 81
21 -> 42
22 -> 6
23 -> 72
24 -> 13
25 -> 73
26 -> 7
27 -> 18
28 -> 76
29 -> 66
30 -> 36
31 -> 34
32 -> 50
33 -> 4
34 -> 15
35 -> 47
36 -> 30
37 -> 54
38 -> 63
39 -> 71
40 -> 83
41 -> 56
42 -> 88
43 -> 44
44 -> 43
45 -> 68
46 -> 25
47 -> 35
48 -> 80
49 -> 62
50 -> 32
51 -> 20
52 -> 11
53 -> 60
54 -> 26
55 -> 90
56 -> 41
57 -> 19
58 -> 33
59 -> 98
60 -> 53
61 -> 64
62 -> 49
63 -> 38
64 -> 92
65 -> 78
66 -> 17
67 -> 94
68 -> 45
69 -> 74
70 -> 82
71 -> 39
72 -> 86
73 -> 24
74 -> 95
75 -> 12
76 -> 8
77 -> 69
78 -> 23
79 -> 91
80 -> 48
81 -> 77
82 -> 28
83 -> 51
84 -> 14
85 -> 100
86 -> 40
87 -> 99
88 -> 37
89 -> 9
90 -> 89
91 -> 27
92 -> 5
93 -> 79
94 -> 67
95 -> 85
96 -> 52
97 -> 87
98 -> 59
99 -> 29
100 -> 2

Cycles:
(1 46 25 73 24 13 55 90 89 9 31 34 15 61 64 92 5 75 12)
(2 65 78 23 72 86 40 83 51 20 81 77 69 74 95 85 100)
(3 96 52 11 21 42 88 37 54 26 7 93 79 91 27 18 16 57 19 70 82 28 76 8 58 33 4 10 97 87 99 29 66 17)
(6 84 14 22)
(30 36)
(32 50)
(35 47)
(38 63)
(39 71)
(41 56)
(43 44)
(45 68)
(48 80)
(49 62)
(53 60)
(59 98)
(67 94)

Cycle à casser:
(30 36)

################
Résolution 23

Permutations:
1 -> 46
2 -> 65
3 -> 96
4 -> 33
5 -> 75
6 -> 84
7 -> 26
8 -> 76
9 -> 31
10 -> 4
11 -> 21
12 -> 1
13 -> 55
14 -> 22
15 -> 61
16 -> 18
17 -> 3
18 -> 27
19 -> 57
20 -> 81
21 -> 42
22 -> 6
23 -> 72
24 -> 13
25 -> 73
26 -> 54
27 -> 91
28 -> 82
29 -> 97
30 -> 36
31 -> 34
32 -> 50
33 -> 58
34 -> 15
35 -> 47
36 -> 43
37 -> 28
38 -> 63
39 -> 71
40 -> 83
41 -> 56
42 -> 88
43 -> 44
44 -> 17
45 -> 68
46 -> 25
47 -> 35
48 -> 80
49 -> 62
50 -> 32
51 -> 20
52 -> 11
53 -> 60
54 -> 66
55 -> 90
56 -> 41
57 -> 16
58 -> 8
59 -> 98
60 -> 53
61 -> 64
62 -> 49
63 -> 38
64 -> 92
65 -> 78
66 -> 29
67 -> 94
68 -> 45
69 -> 74
70 -> 19
71 -> 48
72 -> 86
73 -> 24
74 -> 95
75 -> 12
76 -> 30
77 -> 69
78 -> 23
79 -> 93
80 -> 39
81 -> 77
82 -> 70
83 -> 51
84 -> 14
85 -> 100
86 -> 40
87 -> 99
88 -> 37
89 -> 9
90 -> 89
91 -> 79
92 -> 5
93 -> 7
94 -> 67
95 -> 85
96 -> 52
97 -> 10
98 -> 59
99 -> 87
100 -> 2

Cycles:
(1 46 25 73 24 13 55 90 89 9 31 34 15 61 64 92 5 75 12)
(2 65 78 23 72 86 40 83 51 20 81 77 69 74 95 85 100)
(3 96 52 11 21 42 88 37 28 82 70 19 57 16 18 27 91 79 93 7 26 54 66 29 97 10 4 33 58 8 76 30 36 43 44 17)
(6 84 14 22)
(32 50)
(35 47)
(38 63)
(39 71 48 80)
(41 56)
(45 68)
(49 62)
(53 60)
(59 98)
(67 94)
(87 99)

Cycle à casser:
(32 50)

################
Résolution 24

Permutations:
1 -> 46
2 -> 100
3 -> 1
4 -> 10
5 -> 75
6 -> 22
7 -> 61
8 -> 58
9 -> 31
10 -> 97
11 -> 52
12 -> 77
13 -> 55
14 -> 84
15 -> 34
16 -> 57
17 -> 44
18 -> 16
19 -> 70
20 -> 51
21 -> 11
22 -> 14
23 -> 78
24 -> 13
25 -> 73
26 -> 7
27 -> 18
28 -> 37
29 -> 66
30 -> 76
31 -> 41
32 -> 17
33 -> 4
34 -> 50
35 -> 64
36 -> 30
37 -> 88
38 -> 63
39 -> 80
40 -> 86
41 -> 56
42 -> 21
43 -> 36
44 -> 43
45 -> 68
46 -> 25
47 -> 35
48 -> 71
49 -> 62
50 -> 32
51 -> 83
52 -> 96
53 -> 60
54 -> 26
55 -> 90
56 -> 29
57 -> 19
58 -> 33
59 -> 98
60 -> 53
61 -> 15
62 -> 49
63 -> 38
64 -> 92
65 -> 2
66 -> 54
67 -> 94
68 -> 45
69 -> 74
70 -> 82
71 -> 39
72 -> 23
73 -> 24
74 -> 69
75 -> 12
76 -> 8
77 -> 81
78 -> 65
79 -> 91
80 -> 48
81 -> 20
82 -> 28
83 -> 40
84 -> 6
85 -> 95
86 -> 72
87 -> 99
88 -> 42
89 -> 9
90 -> 89
91 -> 27
92 -> 5
93 -> 79
94 -> 67
95 -> 93
96 -> 3
97 -> 47
98 -> 59
99 -> 87
100 -> 85

Cycles:
(1 46 25 73 24 13 55 90 89 9 31 41 56 29 66 54 26 7 61 15 34 50 32 17 44 43 36 30 76 8 58 33 4 10 97 47 35 64 92 5 75 12 77 81 20 51 83 40 86 72 23 78 65 2 100 85 95 93 79 91 27 18 16 57 19 70 82 28 37 88 42 21 11 52 96 3)
(6 22 14 84)
(38 63)
(39 80 48 71)
(45 68)
(49 62)
(53 60)
(59 98)
(67 94)
(69 74)
(87 99)

Cycle à casser:
(38 63)

################
Résolution 25

Permutations:
1 -> 46
2 -> 65
3 -> 1
4 -> 10
5 -> 92
6 -> 84
7 -> 26
8 -> 58
9 -> 31
10 -> 97
11 -> 52
12 -> 75
13 -> 55
14 -> 22
15 -> 34
16 -> 18
17 -> 44
18 -> 27
19 -> 57
20 -> 81
21 -> 12
22 -> 6
23 -> 78
24 -> 13
25 -> 73
26 -> 54
27 -> 91
28 -> 82
29 -> 66
30 -> 76
31 -> 41
32 -> 17
33 -> 4
34 -> 50
35 -> 47
36 -> 30
37 -> 28
38 -> 63
39 -> 71
40 -> 83
41 -> 56
42 -> 21
43 -> 36
44 -> 43
45 -> 68
46 -> 25
47 -> 35
48 -> 80
49 -> 62
50 -> 32
51 -> 20
52 -> 96
53 -> 60
54 -> 37
55 -> 90
56 -> 53
57 -> 16
58 -> 33
59 -> 98
60 -> 38
61 -> 15
62 -> 49
63 -> 24
64 -> 61
65 -> 88
66 -> 11
67 -> 94
68 -> 45
69 -> 74
70 -> 19
71 -> 48
72 -> 86
73 -> 40
74 -> 95
75 -> 5
76 -> 8
77 -> 69
78 -> 23
79 -> 93
80 -> 39
81 -> 77
82 -> 70
83 -> 51
84 -> 14
85 -> 100
86 -> 72
87 -> 99
88 -> 42
89 -> 9
90 -> 89
91 -> 79
92 -> 64
93 -> 7
94 -> 67
95 -> 85
96 -> 3
97 -> 29
98 -> 59
99 -> 87
100 -> 2

Cycles:
(1 46 25 73 40 83 51 20 81 77 69 74 95 85 100 2 65 88 42 21 12 75 5 92 64 61 15 34 50 32 17 44 43 36 30 76 8 58 33 4 10 97 29 66 11 52 96 3)
(6 84 14 22)
(7 26 54 37 28 82 70 19 57 16 18 27 91 79 93)
(9 31 41 56 53 60 38 63 24 13 55 90 89)
(23 78)
(35 47)
(39 71 48 80)
(45 68)
(49 62)
(59 98)
(67 94)
(72 86)
(87 99)

Cycle à casser:
(23 78)

################
Résolution 26

Permutations:
1 -> 3
2 -> 100
3 -> 96
4 -> 33
5 -> 75
6 -> 22
7 -> 26
8 -> 76
9 -> 89
10 -> 97
11 -> 21
12 -> 10
13 -> 24
14 -> 84
15 -> 61
16 -> 18
17 -> 66
18 -> 27
19 -> 57
20 -> 51
21 -> 42
22 -> 14
23 -> 78
24 -> 63
25 -> 73
26 -> 54
27 -> 91
28 -> 82
29 -> 56
30 -> 36
31 -> 9
32 -> 50
33 -> 58
34 -> 15
35 -> 47
36 -> 43
37 -> 28
38 -> 32
39 -> 71
40 -> 86
41 -> 31
42 -> 88
43 -> 44
44 -> 17
45 -> 68
46 -> 1
47 -> 35
48 -> 80
49 -> 62
50 -> 34
51 -> 83
52 -> 11
53 -> 60
54 -> 37
55 -> 13
56 -> 41
57 -> 16
58 -> 8
59 -> 98
60 -> 53
61 -> 64
62 -> 49
63 -> 38
64 -> 92
65 -> 2
66 -> 29
67 -> 94
68 -> 45
69 -> 77
70 -> 19
71 -> 48
72 -> 23
73 -> 25
74 -> 69
75 -> 12
76 -> 30
77 -> 81
78 -> 4
79 -> 93
80 -> 39
81 -> 20
82 -> 70
83 -> 40
84 -> 6
85 -> 95
86 -> 72
87 -> 99
88 -> 65
89 -> 90
90 -> 55
91 -> 79
92 -> 5
93 -> 7
94 -> 67
95 -> 74
96 -> 52
97 -> 87
98 -> 59
99 -> 46
100 -> 85

Cycles:
(1 3 96 52 11 21 42 88 65 2 100 85 95 74 69 77 81 20 51 83 40 86 72 23 78 4 33 58 8 76 30 36 43 44 17 66 29 56 41 31 9 89 90 55 13 24 63 38 32 50 34 15 61 64 92 5 75 12 10 97 87 99 46)
(6 22 14 84)
(7 26 54 37 28 82 70 19 57 16 18 27 91 79 93)
(25 73)
(35 47)
(39 71 48 80)
(45 68)
(49 62)
(53 60)
(59 98)
(67 94)

Cycle à casser:
(25 73)

################
Résolution 27

Permutations:
1 -> 46
2 -> 100
3 -> 1
4 -> 33
5 -> 75
6 -> 84
7 -> 93
8 -> 76
9 -> 31
10 -> 97
11 -> 21
12 -> 10
13 -> 52
14 -> 22
15 -> 61
16 -> 57
17 -> 32
18 -> 16
19 -> 70
20 -> 51
21 -> 42
22 -> 6
23 -> 78
24 -> 13
25 -> 73
26 -> 7
27 -> 18
28 -> 37
29 -> 66
30 -> 36
31 -> 41
32 -> 50
33 -> 58
34 -> 15
35 -> 47
36 -> 43
37 -> 54
38 -> 63
39 -> 71
40 -> 86
41 -> 56
42 -> 88
43 -> 44
44 -> 17
45 -> 68
46 -> 25
47 -> 35
48 -> 80
49 -> 62
50 -> 34
51 -> 83
52 -> 96
53 -> 60
54 -> 26
55 -> 90
56 -> 53
57 -> 19
58 -> 8
59 -> 98
60 -> 38
61 -> 64
62 -> 49
63 -> 55
64 -> 92
65 -> 2
66 -> 11
67 -> 94
68 -> 45
69 -> 77
70 -> 82
71 -> 48
72 -> 23
73 -> 24
74 -> 69
75 -> 12
76 -> 30
77 -> 81
78 -> 4
79 -> 91
80 -> 39
81 -> 20
82 -> 28
83 -> 40
84 -> 14
85 -> 95
86 -> 72
87 -> 99
88 -> 65
89 -> 9
90 -> 89
91 -> 27
92 -> 5
93 -> 79
94 -> 67
95 -> 74
96 -> 3
97 -> 87
98 -> 59
99 -> 29
100 -> 85

Cycles:
(1 46 25 73 24 13 52 96 3)
(2 100 85 95 74 69 77 81 20 51 83 40 86 72 23 78 4 33 58 8 76 30 36 43 44 17 32 50 34 15 61 64 92 5 75 12 10 97 87 99 29 66 11 21 42 88 65)
(6 84 14 22)
(7 93 79 91 27 18 16 57 19 70 82 28 37 54 26)
(9 31 41 56 53 60 38 63 55 90 89)
(35 47)
(39 71 48 80)
(45 68)
(49 62)
(59 98)
(67 94)

Cycle à casser:
(35 47)

################
Résolution 28

Permutations:
1 -> 75
2 -> 65
3 -> 17
4 -> 78
5 -> 13
6 -> 84
7 -> 26
8 -> 58
9 -> 31
10 -> 97
11 -> 52
12 -> 10
13 -> 24
14 -> 22
15 -> 34
16 -> 57
17 -> 44
18 -> 16
19 -> 61
20 -> 81
21 -> 11
22 -> 6
23 -> 72
24 -> 73
25 -> 46
26 -> 54
27 -> 18
28 -> 37
29 -> 15
30 -> 76
31 -> 41
32 -> 38
33 -> 4
34 -> 50
35 -> 64
36 -> 30
37 -> 28
38 -> 63
39 -> 80
40 -> 83
41 -> 56
42 -> 21
43 -> 36
44 -> 43
45 -> 68
46 -> 1
47 -> 35
48 -> 71
49 -> 62
50 -> 32
51 -> 20
52 -> 96
53 -> 60
54 -> 66
55 -> 90
56 -> 53
57 -> 19
58 -> 33
59 -> 98
60 -> 85
61 -> 7
62 -> 49
63 -> 55
64 -> 92
65 -> 88
66 -> 29
67 -> 94
68 -> 45
69 -> 74
70 -> 82
71 -> 39
72 -> 86
73 -> 25
74 -> 95
75 -> 12
76 -> 8
77 -> 69
78 -> 23
79 -> 91
80 -> 48
81 -> 77
82 -> 70
83 -> 51
84 -> 14
85 -> 100
86 -> 40
87 -> 99
88 -> 42
89 -> 9
90 -> 89
91 -> 27
92 -> 5
93 -> 79
94 -> 67
95 -> 93
96 -> 3
97 -> 47
98 -> 59
99 -> 87
100 -> 2

Cycles:
(1 75 12 10 97 47 35 64 92 5 13 24 73 25 46)
(2 65 88 42 21 11 52 96 3 17 44 43 36 30 76 8 58 33 4 78 23 72 86 40 83 51 20 81 77 69 74 95 93 79 91 27 18 16 57 19 61 7 26 54 66 29 15 34 50 32 38 63 55 90 89 9 31 41 56 53 60 85 100)
(6 84 14 22)
(28 37)
(39 80 48 71)
(45 68)
(49 62)
(59 98)
(67 94)
(70 82)
(87 99)

Cycle à casser:
(28 37)

################
Résolution 29

Permutations:
1 -> 46
2 -> 65
3 -> 1
4 -> 78
5 -> 75
6 -> 84
7 -> 26
8 -> 76
9 -> 31
10 -> 97
11 -> 52
12 -> 10
13 -> 55
14 -> 22
15 -> 61
16 -> 57
17 -> 32
18 -> 16
19 -> 70
20 -> 81
21 -> 11
22 -> 6
23 -> 72
24 -> 13
25 -> 73
26 -> 54
27 -> 18
28 -> 37
29 -> 56
30 -> 36
31 -> 41
32 -> 50
33 -> 4
34 -> 15
35 -> 64
36 -> 43
37 -> 88
38 -> 63
39 -> 80
40 -> 83
41 -> 33
42 -> 21
43 -> 44
44 -> 17
45 -> 68
46 -> 25
47 -> 35
48 -> 71
49 -> 62
50 -> 34
51 -> 20
52 -> 96
53 -> 60
54 -> 66
55 -> 90
56 -> 53
57 -> 19
58 -> 8
59 -> 98
60 -> 38
61 -> 7
62 -> 49
63 -> 58
64 -> 92
65 -> 2
66 -> 29
67 -> 94
68 -> 45
69 -> 74
70 -> 82
71 -> 39
72 -> 86
73 -> 24
74 -> 95
75 -> 12
76 -> 30
77 -> 69
78 -> 23
79 -> 91
80 -> 48
81 -> 77
82 -> 28
83 -> 51
84 -> 14
85 -> 100
86 -> 40
87 -> 99
88 -> 42
89 -> 9
90 -> 89
91 -> 27
92 -> 5
93 -> 79
94 -> 67
95 -> 93
96 -> 3
97 -> 47
98 -> 59
99 -> 87
100 -> 85

Cycles:
(1 46 25 73 24 13 55 90 89 9 31 41 33 4 78 23 72 86 40 83 51 20 81 77 69 74 95 93 79 91 27 18 16 57 19 70 82 28 37 88 42 21 11 52 96 3)
(2 65)
(5 75 12 10 97 47 35 64 92)
(6 84 14 22)
(7 26 54 66 29 56 53 60 38 63 58 8 76 30 36 43 44 17 32 50 34 15 61)
(39 80 48 71)
(45 68)
(49 62)
(59 98)
(67 94)
(85 100)
(87 99)

Cycle à casser:
(2 65)

################
Résolution 30

Permutations:
1 -> 12
2 -> 65
3 -> 17
4 -> 33
5 -> 92
6 -> 84
7 -> 26
8 -> 9
9 -> 89
10 -> 4
11 -> 52
12 -> 75
13 -> 24
14 -> 22
15 -> 61
16 -> 57
17 -> 44
18 -> 16
19 -> 70
20 -> 81
21 -> 11
22 -> 6
23 -> 72
24 -> 73
25 -> 46
26 -> 54
27 -> 18
28 -> 37
29 -> 56
30 -> 76
31 -> 41
32 -> 50
33 -> 58
34 -> 15
35 -> 47
36 -> 30
37 -> 88
38 -> 32
39 -> 80
40 -> 83
41 -> 31
42 -> 21
43 -> 36
44 -> 43
45 -> 68
46 -> 1
47 -> 97
48 -> 71
49 -> 62
50 -> 34
51 -> 20
52 -> 96
53 -> 60
54 -> 66
55 -> 13
56 -> 53
57 -> 19
58 -> 63
59 -> 98
60 -> 85
61 -> 7
62 -> 49
63 -> 38
64 -> 35
65 -> 78
66 -> 29
67 -> 94
68 -> 45
69 -> 74
70 -> 82
71 -> 48
72 -> 86
73 -> 25
74 -> 95
75 -> 5
76 -> 8
77 -> 69
78 -> 23
79 -> 91
80 -> 39
81 -> 77
82 -> 28
83 -> 51
84 -> 14
85 -> 100
86 -> 40
87 -> 99
88 -> 42
89 -> 90
90 -> 55
91 -> 27
92 -> 64
93 -> 79
94 -> 67
95 -> 93
96 -> 3
97 -> 10
98 -> 59
99 -> 87
100 -> 2

Cycles:
(1 12 75 5 92 64 35 47 97 10 4 33 58 63 38 32 50 34 15 61 7 26 54 66 29 56 53 60 85 100 2 65 78 23 72 86 40 83 51 20 81 77 69 74 95 93 79 91 27 18 16 57 19 70 82 28 37 88 42 21 11 52 96 3 17 44 43 36 30 76 8 9 89 90 55 13 24 73 25 46)
(6 84 14 22)
(31 41)
(39 80)
(45 68)
(48 71)
(49 62)
(59 98)
(67 94)
(87 99)

Cycle à casser:
(31 41)

################
Résolution 31

Permutations:
1 -> 3
2 -> 100
3 -> 96
4 -> 33
5 -> 75
6 -> 84
7 -> 93
8 -> 58
9 -> 89
10 -> 97
11 -> 21
12 -> 10
13 -> 24
14 -> 22
15 -> 61
16 -> 57
17 -> 44
18 -> 16
19 -> 70
20 -> 51
21 -> 42
22 -> 6
23 -> 78
24 -> 73
25 -> 46
26 -> 56
27 -> 18
28 -> 37
29 -> 66
30 -> 76
31 -> 9
32 -> 50
33 -> 41
34 -> 15
35 -> 64
36 -> 30
37 -> 54
38 -> 32
39 -> 80
40 -> 86
41 -> 31
42 -> 88
43 -> 36
44 -> 43
45 -> 68
46 -> 1
47 -> 35
48 -> 71
49 -> 62
50 -> 34
51 -> 83
52 -> 11
53 -> 60
54 -> 26
55 -> 13
56 -> 29
57 -> 19
58 -> 63
59 -> 98
60 -> 53
61 -> 7
62 -> 49
63 -> 38
64 -> 92
65 -> 2
66 -> 17
67 -> 94
68 -> 45
69 -> 77
70 -> 82
71 -> 48
72 -> 23
73 -> 25
74 -> 69
75 -> 12
76 -> 8
77 -> 81
78 -> 4
79 -> 91
80 -> 39
81 -> 20
82 -> 28
83 -> 40
84 -> 14
85 -> 95
86 -> 72
87 -> 99
88 -> 65
89 -> 90
90 -> 55
91 -> 27
92 -> 5
93 -> 79
94 -> 67
95 -> 74
96 -> 52
97 -> 47
98 -> 59
99 -> 87
100 -> 85

Cycles:
(1 3 96 52 11 21 42 88 65 2 100 85 95 74 69 77 81 20 51 83 40 86 72 23 78 4 33 41 31 9 89 90 55 13 24 73 25 46)
(5 75 12 10 97 47 35 64 92)
(6 84 14 22)
(7 93 79 91 27 18 16 57 19 70 82 28 37 54 26 56 29 66 17 44 43 36 30 76 8 58 63 38 32 50 34 15 61)
(39 80)
(45 68)
(48 71)
(49 62)
(53 60)
(59 98)
(67 94)
(87 99)

Cycle à casser:
(39 80)

################
Résolution 32

Permutations:
1 -> 3
2 -> 65
3 -> 96
4 -> 33
5 -> 92
6 -> 84
7 -> 26
8 -> 76
9 -> 89
10 -> 4
11 -> 66
12 -> 75
13 -> 24
14 -> 22
15 -> 61
16 -> 57
17 -> 32
18 -> 16
19 -> 70
20 -> 81
21 -> 12
22 -> 6
23 -> 72
24 -> 73
25 -> 46
26 -> 54
27 -> 91
28 -> 37
29 -> 56
30 -> 36
31 -> 9
32 -> 50
33 -> 41
34 -> 15
35 -> 47
36 -> 43
37 -> 88
38 -> 63
39 -> 80
40 -> 83
41 -> 31
42 -> 21
43 -> 44
44 -> 17
45 -> 68
46 -> 1
47 -> 97
48 -> 71
49 -> 62
50 -> 34
51 -> 20
52 -> 11
53 -> 60
54 -> 18
55 -> 13
56 -> 53
57 -> 19
58 -> 8
59 -> 98
60 -> 38
61 -> 7
62 -> 49
63 -> 58
64 -> 35
65 -> 78
66 -> 29
67 -> 94
68 -> 45
69 -> 74
70 -> 82
71 -> 39
72 -> 86
73 -> 25
74 -> 95
75 -> 5
76 -> 30
77 -> 69
78 -> 23
79 -> 93
80 -> 48
81 -> 77
82 -> 28
83 -> 51
84 -> 14
85 -> 100
86 -> 40
87 -> 99
88 -> 42
89 -> 90
90 -> 55
91 -> 27
92 -> 64
93 -> 79
94 -> 67
95 -> 85
96 -> 52
97 -> 10
98 -> 59
99 -> 87
100 -> 2

Cycles:
(1 3 96 52 11 66 29 56 53 60 38 63 58 8 76 30 36 43 44 17 32 50 34 15 61 7 26 54 18 16 57 19 70 82 28 37 88 42 21 12 75 5 92 64 35 47 97 10 4 33 41 31 9 89 90 55 13 24 73 25 46)
(2 65 78 23 72 86 40 83 51 20 81 77 69 74 95 85 100)
(6 84 14 22)
(27 91)
(39 80 48 71)
(45 68)
(49 62)
(59 98)
(67 94)
(79 93)
(87 99)

Cycle à casser:
(27 91)

################
Résolution 33

Permutations:
1 -> 63
2 -> 100
3 -> 17
4 -> 10
5 -> 75
6 -> 84
7 -> 26
8 -> 58
9 -> 89
10 -> 97
11 -> 52
12 -> 77
13 -> 24
14 -> 22
15 -> 61
16 -> 57
17 -> 44
18 -> 16
19 -> 70
20 -> 51
21 -> 11
22 -> 6
23 -> 78
24 -> 73
25 -> 46
26 -> 54
27 -> 18
28 -> 37
29 -> 56
30 -> 76
31 -> 9
32 -> 50
33 -> 4
34 -> 15
35 -> 64
36 -> 30
37 -> 88
38 -> 32
39 -> 71
40 -> 86
41 -> 31
42 -> 21
43 -> 36
44 -> 43
45 -> 68
46 -> 1
47 -> 35
48 -> 80
49 -> 62
50 -> 34
51 -> 83
52 -> 96
53 -> 60
54 -> 66
55 -> 13
56 -> 41
57 -> 19
58 -> 33
59 -> 98
60 -> 53
61 -> 7
62 -> 49
63 -> 38
64 -> 92
65 -> 2
66 -> 29
67 -> 94
68 -> 45
69 -> 74
70 -> 82
71 -> 48
72 -> 23
73 -> 25
74 -> 69
75 -> 12
76 -> 8
77 -> 81
78 -> 65
79 -> 91
80 -> 39
81 -> 20
82 -> 28
83 -> 40
84 -> 14
85 -> 95
86 -> 72
87 -> 99
88 -> 42
89 -> 90
90 -> 55
91 -> 27
92 -> 5
93 -> 79
94 -> 67
95 -> 93
96 -> 3
97 -> 47
98 -> 59
99 -> 87
100 -> 85

Cycles:
(1 63 38 32 50 34 15 61 7 26 54 66 29 56 41 31 9 89 90 55 13 24 73 25 46)
(2 100 85 95 93 79 91 27 18 16 57 19 70 82 28 37 88 42 21 11 52 96 3 17 44 43 36 30 76 8 58 33 4 10 97 47 35 64 92 5 75 12 77 81 20 51 83 40 86 72 23 78 65)
(6 84 14 22)
(39 71 48 80)
(45 68)
(49 62)
(53 60)
(59 98)
(67 94)
(69 74)
(87 99)

Cycle à casser:
(45 68)

################
Résolution 34

Permutations:
1 -> 77
2 -> 65
3 -> 96
4 -> 33
5 -> 92
6 -> 84
7 -> 26
8 -> 76
9 -> 31
10 -> 12
11 -> 66
12 -> 75
13 -> 24
14 -> 22
15 -> 34
16 -> 18
17 -> 3
18 -> 27
19 -> 61
20 -> 51
21 -> 11
22 -> 6
23 -> 78
24 -> 73
25 -> 46
26 -> 54
27 -> 91
28 -> 82
29 -> 97
30 -> 36
31 -> 41
32 -> 38
33 -> 58
34 -> 50
35 -> 47
36 -> 43
37 -> 28
38 -> 63
39 -> 80
40 -> 86
41 -> 56
42 -> 21
43 -> 44
44 -> 17
45 -> 15
46 -> 1
47 -> 57
48 -> 71
49 -> 62
50 -> 32
51 -> 83
52 -> 13
53 -> 60
54 -> 37
55 -> 90
56 -> 53
57 -> 16
58 -> 8
59 -> 98
60 -> 68
61 -> 7
62 -> 49
63 -> 55
64 -> 35
65 -> 88
66 -> 29
67 -> 94
68 -> 45
69 -> 74
70 -> 19
71 -> 39
72 -> 23
73 -> 25
74 -> 69
75 -> 5
76 -> 30
77 -> 81
78 -> 4
79 -> 93
80 -> 48
81 -> 20
82 -> 70
83 -> 40
84 -> 14
85 -> 100
86 -> 72
87 -> 99
88 -> 42
89 -> 9
90 -> 89
91 -> 79
92 -> 64
93 -> 95
94 -> 67
95 -> 85
96 -> 52
97 -> 10
98 -> 59
99 -> 87
100 -> 2

Cycles:
(1 77 81 20 51 83 40 86 72 23 78 4 33 58 8 76 30 36 43 44 17 3 96 52 13 24 73 25 46)
(2 65 88 42 21 11 66 29 97 10 12 75 5 92 64 35 47 57 16 18 27 91 79 93 95 85 100)
(6 84 14 22)
(7 26 54 37 28 82 70 19 61)
(9 31 41 56 53 60 68 45 15 34 50 32 38 63 55 90 89)
(39 80 48 71)
(49 62)
(59 98)
(67 94)
(69 74)
(87 99)

Cycle à casser:
(49 62)

################
Résolution 35

Permutations:
1 -> 46
2 -> 100
3 -> 1
4 -> 10
5 -> 75
6 -> 84
7 -> 61
8 -> 58
9 -> 31
10 -> 97
11 -> 52
12 -> 77
13 -> 55
14 -> 22
15 -> 45
16 -> 57
17 -> 44
18 -> 16
19 -> 70
20 -> 51
21 -> 11
22 -> 6
23 -> 78
24 -> 13
25 -> 73
26 -> 7
27 -> 18
28 -> 37
29 -> 66
30 -> 76
31 -> 41
32 -> 50
33 -> 4
34 -> 15
35 -> 64
36 -> 30
37 -> 88
38 -> 32
39 -> 71
40 -> 86
41 -> 33
42 -> 21
43 -> 36
44 -> 43
45 -> 68
46 -> 25
47 -> 35
48 -> 80
49 -> 62
50 -> 34
51 -> 83
52 -> 96
53 -> 56
54 -> 26
55 -> 90
56 -> 49
57 -> 47
58 -> 63
59 -> 98
60 -> 53
61 -> 19
62 -> 54
63 -> 38
64 -> 92
65 -> 2
66 -> 17
67 -> 94
68 -> 60
69 -> 74
70 -> 82
71 -> 48
72 -> 23
73 -> 24
74 -> 69
75 -> 12
76 -> 8
77 -> 81
78 -> 65
79 -> 91
80 -> 39
81 -> 20
82 -> 28
83 -> 40
84 -> 14
85 -> 95
86 -> 72
87 -> 99
88 -> 42
89 -> 9
90 -> 89
91 -> 27
92 -> 5
93 -> 79
94 -> 67
95 -> 93
96 -> 3
97 -> 87
98 -> 59
99 -> 29
100 -> 85

Cycles:
(1 46 25 73 24 13 55 90 89 9 31 41 33 4 10 97 87 99 29 66 17 44 43 36 30 76 8 58 63 38 32 50 34 15 45 68 60 53 56 49 62 54 26 7 61 19 70 82 28 37 88 42 21 11 52 96 3)
(2 100 85 95 93 79 91 27 18 16 57 47 35 64 92 5 75 12 77 81 20 51 83 40 86 72 23 78 65)
(6 84 14 22)
(39 71 48 80)
(59 98)
(67 94)
(69 74)

Cycle à casser:
(59 98)

################
Résolution 36

Permutations:
1 -> 77
2 -> 100
3 -> 96
4 -> 33
5 -> 92
6 -> 84
7 -> 26
8 -> 76
9 -> 89
10 -> 4
11 -> 66
12 -> 75
13 -> 24
14 -> 22
15 -> 34
16 -> 28
17 -> 3
18 -> 16
19 -> 61
20 -> 51
21 -> 12
22 -> 6
23 -> 78
24 -> 73
25 -> 46
26 -> 54
27 -> 18
28 -> 37
29 -> 99
30 -> 36
31 -> 9
32 -> 38
33 -> 58
34 -> 50
35 -> 47
36 -> 43
37 -> 88
38 -> 63
39 -> 71
40 -> 86
41 -> 31
42 -> 21
43 -> 44
44 -> 17
45 -> 15
46 -> 1
47 -> 57
48 -> 80
49 -> 56
50 -> 32
51 -> 83
52 -> 11
53 -> 60
54 -> 62
55 -> 13
56 -> 41
57 -> 19
58 -> 8
59 -> 68
60 -> 53
61 -> 7
62 -> 49
63 -> 55
64 -> 35
65 -> 2
66 -> 29
67 -> 94
68 -> 45
69 -> 74
70 -> 82
71 -> 48
72 -> 23
73 -> 25
74 -> 69
75 -> 5
76 -> 30
77 -> 81
78 -> 65
79 -> 91
80 -> 39
81 -> 20
82 -> 70
83 -> 40
84 -> 14
85 -> 95
86 -> 72
87 -> 97
88 -> 42
89 -> 90
90 -> 98
91 -> 27
92 -> 64
93 -> 79
94 -> 67
95 -> 93
96 -> 52
97 -> 10
98 -> 59
99 -> 87
100 -> 85

Cycles:
(1 77 81 20 51 83 40 86 72 23 78 65 2 100 85 95 93 79 91 27 18 16 28 37 88 42 21 12 75 5 92 64 35 47 57 19 61 7 26 54 62 49 56 41 31 9 89 90 98 59 68 45 15 34 50 32 38 63 55 13 24 73 25 46)
(3 96 52 11 66 29 99 87 97 10 4 33 58 8 76 30 36 43 44 17)
(6 84 14 22)
(39 71 48 80)
(53 60)
(67 94)
(69 74)
(70 82)

Cycle à casser:
(53 60)

################
Résolution 37

Permutations:
1 -> 46
2 -> 100
3 -> 1
4 -> 10
5 -> 75
6 -> 84
7 -> 26
8 -> 58
9 -> 31
10 -> 97
11 -> 21
12 -> 77
13 -> 52
14 -> 22
15 -> 34
16 -> 57
17 -> 44
18 -> 16
19 -> 61
20 -> 51
21 -> 42
22 -> 6
23 -> 78
24 -> 13
25 -> 73
26 -> 54
27 -> 18
28 -> 82
29 -> 66
30 -> 76
31 -> 41
32 -> 17
33 -> 4
34 -> 50
35 -> 64
36 -> 30
37 -> 28
38 -> 60
39 -> 80
40 -> 86
41 -> 33
42 -> 88
43 -> 36
44 -> 43
45 -> 15
46 -> 25
47 -> 35
48 -> 71
49 -> 56
50 -> 32
51 -> 83
52 -> 96
53 -> 89
54 -> 62
55 -> 90
56 -> 29
57 -> 47
58 -> 63
59 -> 68
60 -> 53
61 -> 7
62 -> 49
63 -> 38
64 -> 92
65 -> 2
66 -> 11
67 -> 94
68 -> 45
69 -> 74
70 -> 19
71 -> 39
72 -> 23
73 -> 24
74 -> 69
75 -> 12
76 -> 8
77 -> 81
78 -> 65
79 -> 91
80 -> 48
81 -> 20
82 -> 70
83 -> 40
84 -> 14
85 -> 95
86 -> 72
87 -> 99
88 -> 37
89 -> 9
90 -> 55
91 -> 27
92 -> 5
93 -> 79
94 -> 67
95 -> 93
96 -> 3
97 -> 98
98 -> 59
99 -> 87
100 -> 85

Cycles:
(1 46 25 73 24 13 52 96 3)
(2 100 85 95 93 79 91 27 18 16 57 47 35 64 92 5 75 12 77 81 20 51 83 40 86 72 23 78 65)
(4 10 97 98 59 68 45 15 34 50 32 17 44 43 36 30 76 8 58 63 38 60 53 89 9 31 41 33)
(6 84 14 22)
(7 26 54 62 49 56 29 66 11 21 42 88 37 28 82 70 19 61)
(39 80 48 71)
(55 90)
(67 94)
(69 74)
(87 99)

Cycle à casser:
(55 90)

################
Résolution 38

Permutations:
1 -> 46
2 -> 65
3 -> 1
4 -> 10
5 -> 75
6 -> 84
7 -> 61
8 -> 58
9 -> 31
10 -> 97
11 -> 52
12 -> 21
13 -> 55
14 -> 22
15 -> 34
16 -> 18
17 -> 44
18 -> 27
19 -> 57
20 -> 81
21 -> 42
22 -> 6
23 -> 72
24 -> 13
25 -> 73
26 -> 54
27 -> 91
28 -> 16
29 -> 66
30 -> 76
31 -> 41
32 -> 17
33 -> 4
34 -> 50
35 -> 64
36 -> 30
37 -> 28
38 -> 60
39 -> 71
40 -> 83
41 -> 33
42 -> 88
43 -> 36
44 -> 43
45 -> 15
46 -> 25
47 -> 35
48 -> 80
49 -> 56
50 -> 32
51 -> 20
52 -> 96
53 -> 89
54 -> 62
55 -> 90
56 -> 26
57 -> 47
58 -> 63
59 -> 68
60 -> 53
61 -> 19
62 -> 49
63 -> 38
64 -> 92
65 -> 78
66 -> 11
67 -> 94
68 -> 45
69 -> 74
70 -> 82
71 -> 48
72 -> 86
73 -> 24
74 -> 95
75 -> 12
76 -> 8
77 -> 69
78 -> 23
79 -> 93
80 -> 39
81 -> 77
82 -> 70
83 -> 51
84 -> 14
85 -> 100
86 -> 40
87 -> 99
88 -> 37
89 -> 9
90 -> 98
91 -> 79
92 -> 5
93 -> 7
94 -> 67
95 -> 85
96 -> 3
97 -> 87
98 -> 59
99 -> 29
100 -> 2

Cycles:
(1 46 25 73 24 13 55 90 98 59 68 45 15 34 50 32 17 44 43 36 30 76 8 58 63 38 60 53 89 9 31 41 33 4 10 97 87 99 29 66 11 52 96 3)
(2 65 78 23 72 86 40 83 51 20 81 77 69 74 95 85 100)
(5 75 12 21 42 88 37 28 16 18 27 91 79 93 7 61 19 57 47 35 64 92)
(6 84 14 22)
(26 54 62 49 56)
(39 71 48 80)
(67 94)
(70 82)

Cycle à casser:
(67 94)

################
Résolution 39

Permutations:
1 -> 3
2 -> 65
3 -> 96
4 -> 33
5 -> 75
6 -> 84
7 -> 93
8 -> 58
9 -> 89
10 -> 4
11 -> 66
12 -> 21
13 -> 24
14 -> 67
15 -> 34
16 -> 57
17 -> 44
18 -> 16
19 -> 61
20 -> 81
21 -> 42
22 -> 6
23 -> 72
24 -> 73
25 -> 46
26 -> 54
27 -> 18
28 -> 82
29 -> 97
30 -> 76
31 -> 9
32 -> 17
33 -> 41
34 -> 50
35 -> 64
36 -> 30
37 -> 28
38 -> 63
39 -> 80
40 -> 83
41 -> 31
42 -> 88
43 -> 36
44 -> 43
45 -> 15
46 -> 1
47 -> 35
48 -> 71
49 -> 56
50 -> 32
51 -> 20
52 -> 11
53 -> 60
54 -> 62
55 -> 13
56 -> 26
57 -> 47
58 -> 22
59 -> 68
60 -> 38
61 -> 7
62 -> 49
63 -> 55
64 -> 92
65 -> 78
66 -> 29
67 -> 94
68 -> 45
69 -> 74
70 -> 19
71 -> 39
72 -> 86
73 -> 25
74 -> 95
75 -> 12
76 -> 8
77 -> 69
78 -> 23
79 -> 91
80 -> 48
81 -> 77
82 -> 70
83 -> 51
84 -> 14
85 -> 100
86 -> 40
87 -> 99
88 -> 37
89 -> 90
90 -> 98
91 -> 27
92 -> 5
93 -> 79
94 -> 53
95 -> 85
96 -> 52
97 -> 10
98 -> 59
99 -> 87
100 -> 2

Cycles:
(1 3 96 52 11 66 29 97 10 4 33 41 31 9 89 90 98 59 68 45 15 34 50 32 17 44 43 36 30 76 8 58 22 6 84 14 67 94 53 60 38 63 55 13 24 73 25 46)
(2 65 78 23 72 86 40 83 51 20 81 77 69 74 95 85 100)
(5 75 12 21 42 88 37 28 82 70 19 61 7 93 79 91 27 18 16 57 47 35 64 92)
(26 54 62 49 56)
(39 80 48 71)
(87 99)

Cycle à casser:
(87 99)

################
Résolution 40

Permutations:
1 -> 46
2 -> 100
3 -> 1
4 -> 10
5 -> 75
6 -> 84
7 -> 26
8 -> 58
9 -> 89
10 -> 97
11 -> 21
12 -> 77
13 -> 55
14 -> 67
15 -> 34
16 -> 57
17 -> 44
18 -> 16
19 -> 61
20 -> 51
21 -> 42
22 -> 6
23 -> 78
24 -> 13
25 -> 73
26 -> 54
27 -> 18
28 -> 82
29 -> 66
30 -> 76
31 -> 41
32 -> 17
33 -> 4
34 -> 50
35 -> 64
36 -> 30
37 -> 28
38 -> 63
39 -> 80
40 -> 86
41 -> 33
42 -> 88
43 -> 36
44 -> 43
45 -> 15
46 -> 25
47 -> 35
48 -> 71
49 -> 56
50 -> 32
51 -> 83
52 -> 96
53 -> 60
54 -> 62
55 -> 90
56 -> 53
57 -> 47
58 -> 22
59 -> 68
60 -> 38
61 -> 7
62 -> 49
63 -> 52
64 -> 92
65 -> 2
66 -> 11
67 -> 94
68 -> 45
69 -> 74
70 -> 19
71 -> 39
72 -> 23
73 -> 24
74 -> 69
75 -> 12
76 -> 8
77 -> 81
78 -> 65
79 -> 91
80 -> 48
81 -> 20
82 -> 70
83 -> 40
84 -> 14
85 -> 95
86 -> 72
87 -> 99
88 -> 37
89 -> 9
90 -> 98
91 -> 27
92 -> 5
93 -> 79
94 -> 31
95 -> 93
96 -> 3
97 -> 87
98 -> 59
99 -> 29
100 -> 85

Cycles:
(1 46 25 73 24 13 55 90 98 59 68 45 15 34 50 32 17 44 43 36 30 76 8 58 22 6 84 14 67 94 31 41 33 4 10 97 87 99 29 66 11 21 42 88 37 28 82 70 19 61 7 26 54 62 49 56 53 60 38 63 52 96 3)
(2 100 85 95 93 79 91 27 18 16 57 47 35 64 92 5 75 12 77 81 20 51 83 40 86 72 23 78 65)
(9 89)
(39 80 48 71)
(69 74)

Cycle à casser:
(9 89)

################
Résolution 41

Permutations:
1 -> 3
2 -> 65
3 -> 96
4 -> 33
5 -> 92
6 -> 84
7 -> 61
8 -> 58
9 -> 89
10 -> 4
11 -> 66
12 -> 75
13 -> 24
14 -> 67
15 -> 34
16 -> 18
17 -> 44
18 -> 27
19 -> 70
20 -> 81
21 -> 12
22 -> 6
23 -> 72
24 -> 73
25 -> 46
26 -> 54
27 -> 91
28 -> 37
29 -> 99
30 -> 76
31 -> 9
32 -> 17
33 -> 41
34 -> 50
35 -> 47
36 -> 30
37 -> 88
38 -> 63
39 -> 71
40 -> 83
41 -> 31
42 -> 21
43 -> 36
44 -> 43
45 -> 15
46 -> 1
47 -> 57
48 -> 80
49 -> 56
50 -> 32
51 -> 20
52 -> 11
53 -> 60
54 -> 62
55 -> 13
56 -> 26
57 -> 16
58 -> 22
59 -> 68
60 -> 38
61 -> 19
62 -> 49
63 -> 55
64 -> 35
65 -> 78
66 -> 29
67 -> 94
68 -> 45
69 -> 74
70 -> 82
71 -> 39
72 -> 86
73 -> 25
74 -> 95
75 -> 5
76 -> 8
77 -> 69
78 -> 23
79 -> 93
80 -> 48
81 -> 77
82 -> 28
83 -> 51
84 -> 14
85 -> 100
86 -> 40
87 -> 97
88 -> 42
89 -> 90
90 -> 98
91 -> 79
92 -> 64
93 -> 7
94 -> 53
95 -> 85
96 -> 52
97 -> 10
98 -> 59
99 -> 87
100 -> 2

Cycles:
(1 3 96 52 11 66 29 99 87 97 10 4 33 41 31 9 89 90 98 59 68 45 15 34 50 32 17 44 43 36 30 76 8 58 22 6 84 14 67 94 53 60 38 63 55 13 24 73 25 46)
(2 65 78 23 72 86 40 83 51 20 81 77 69 74 95 85 100)
(5 92 64 35 47 57 16 18 27 91 79 93 7 61 19 70 82 28 37 88 42 21 12 75)
(26 54 62 49 56)
(39 71)
(48 80)

Cycle à casser:
(39 71)

################
Résolution 42

Permutations:
1 -> 3
2 -> 100
3 -> 96
4 -> 33
5 -> 75
6 -> 84
7 -> 61
8 -> 58
9 -> 89
10 -> 4
11 -> 66
12 -> 21
13 -> 24
14 -> 67
15 -> 34
16 -> 18
17 -> 44
18 -> 27
19 -> 57
20 -> 51
21 -> 42
22 -> 6
23 -> 78
24 -> 73
25 -> 46
26 -> 7
27 -> 91
28 -> 16
29 -> 99
30 -> 76
31 -> 9
32 -> 17
33 -> 41
34 -> 50
35 -> 64
36 -> 30
37 -> 28
38 -> 63
39 -> 71
40 -> 86
41 -> 31
42 -> 88
43 -> 36
44 -> 43
45 -> 15
46 -> 1
47 -> 35
48 -> 80
49 -> 62
50 -> 32
51 -> 83
52 -> 11
53 -> 56
54 -> 26
55 -> 13
56 -> 49
57 -> 47
58 -> 22
59 -> 68
60 -> 38
61 -> 19
62 -> 54
63 -> 55
64 -> 92
65 -> 2
66 -> 29
67 -> 94
68 -> 45
69 -> 77
70 -> 82
71 -> 48
72 -> 23
73 -> 25
74 -> 69
75 -> 12
76 -> 8
77 -> 81
78 -> 65
79 -> 93
80 -> 39
81 -> 20
82 -> 70
83 -> 40
84 -> 14
85 -> 60
86 -> 72
87 -> 97
88 -> 37
89 -> 90
90 -> 98
91 -> 79
92 -> 5
93 -> 95
94 -> 53
95 -> 74
96 -> 52
97 -> 10
98 -> 59
99 -> 87
100 -> 85

Cycles:
(1 3 96 52 11 66 29 99 87 97 10 4 33 41 31 9 89 90 98 59 68 45 15 34 50 32 17 44 43 36 30 76 8 58 22 6 84 14 67 94 53 56 49 62 54 26 7 61 19 57 47 35 64 92 5 75 12 21 42 88 37 28 16 18 27 91 79 93 95 74 69 77 81 20 51 83 40 86 72 23 78 65 2 100 85 60 38 63 55 13 24 73 25 46)
(39 71 48 80)
(70 82)

Cycle à casser:
(70 82)

################
Résolution 43

Permutations:
1 -> 3
2 -> 65
3 -> 96
4 -> 33
5 -> 92
6 -> 84
7 -> 61
8 -> 58
9 -> 89
10 -> 4
11 -> 66
12 -> 75
13 -> 24
14 -> 67
15 -> 34
16 -> 18
17 -> 44
18 -> 27
19 -> 70
20 -> 81
21 -> 12
22 -> 6
23 -> 72
24 -> 73
25 -> 46
26 -> 54
27 -> 91
28 -> 37
29 -> 99
30 -> 76
31 -> 9
32 -> 17
33 -> 41
34 -> 50
35 -> 47
36 -> 30
37 -> 88
38 -> 63
39 -> 71
40 -> 83
41 -> 31
42 -> 21
43 -> 36
44 -> 43
45 -> 15
46 -> 1
47 -> 57
48 -> 80
49 -> 56
50 -> 32
51 -> 20
52 -> 11
53 -> 60
54 -> 62
55 -> 13
56 -> 26
57 -> 16
58 -> 22
59 -> 68
60 -> 38
61 -> 19
62 -> 49
63 -> 55
64 -> 35
65 -> 78
66 -> 29
67 -> 94
68 -> 45
69 -> 74
70 -> 82
71 -> 48
72 -> 86
73 -> 25
74 -> 95
75 -> 5
76 -> 8
77 -> 69
78 -> 23
79 -> 93
80 -> 39
81 -> 77
82 -> 28
83 -> 51
84 -> 14
85 -> 100
86 -> 40
87 -> 97
88 -> 42
89 -> 90
90 -> 98
91 -> 79
92 -> 64
93 -> 7
94 -> 53
95 -> 85
96 -> 52
97 -> 10
98 -> 59
99 -> 87
100 -> 2

Cycles:
(1 3 96 52 11 66 29 99 87 97 10 4 33 41 31 9 89 90 98 59 68 45 15 34 50 32 17 44 43 36 30 76 8 58 22 6 84 14 67 94 53 60 38 63 55 13 24 73 25 46)
(2 65 78 23 72 86 40 83 51 20 81 77 69 74 95 85 100)
(5 92 64 35 47 57 16 18 27 91 79 93 7 61 19 70 82 28 37 88 42 21 12 75)
(26 54 62 49 56)
(39 71 48 80)

Cycle à casser:
(39 71 48 80)

################
Résolution 44

Permutations:
1 -> 46
2 -> 65
3 -> 1
4 -> 10
5 -> 75
6 -> 22
7 -> 26
8 -> 76
9 -> 31
10 -> 97
11 -> 52
12 -> 21
13 -> 55
14 -> 84
15 -> 45
16 -> 57
17 -> 32
18 -> 16
19 -> 61
20 -> 81
21 -> 42
22 -> 58
23 -> 72
24 -> 13
25 -> 73
26 -> 54
27 -> 18
28 -> 82
29 -> 66
30 -> 36
31 -> 41
32 -> 50
33 -> 4
34 -> 15
35 -> 64
36 -> 43
37 -> 28
38 -> 60
39 -> 80
40 -> 83
41 -> 33
42 -> 88
43 -> 44
44 -> 17
45 -> 68
46 -> 25
47 -> 35
48 -> 71
49 -> 56
50 -> 34
51 -> 20
52 -> 96
53 -> 94
54 -> 62
55 -> 63
56 -> 53
57 -> 47
58 -> 8
59 -> 98
60 -> 85
61 -> 7
62 -> 49
63 -> 38
64 -> 92
65 -> 78
66 -> 11
67 -> 14
68 -> 59
69 -> 74
70 -> 19
71 -> 39
72 -> 86
73 -> 24
74 -> 95
75 -> 12
76 -> 30
77 -> 69
78 -> 23
79 -> 91
80 -> 48
81 -> 77
82 -> 70
83 -> 51
84 -> 6
85 -> 100
86 -> 40
87 -> 99
88 -> 37
89 -> 9
90 -> 89
91 -> 27
92 -> 5
93 -> 79
94 -> 67
95 -> 93
96 -> 3
97 -> 87
98 -> 90
99 -> 29
100 -> 2

Cycles:
(1 46 25 73 24 13 55 63 38 60 85 100 2 65 78 23 72 86 40 83 51 20 81 77 69 74 95 93 79 91 27 18 16 57 47 35 64 92 5 75 12 21 42 88 37 28 82 70 19 61 7 26 54 62 49 56 53 94 67 14 84 6 22 58 8 76 30 36 43 44 17 32 50 34 15 45 68 59 98 90 89 9 31 41 33 4 10 97 87 99 29 66 11 52 96 3)
(39 80 48 71)

Cycle à casser:
(39 80 48 71)

################
Résolution 45

Permutations:
1 -> 3
2 -> 65
3 -> 96
4 -> 33
5 -> 92
6 -> 84
7 -> 61
8 -> 58
9 -> 89
10 -> 4
11 -> 66
12 -> 75
13 -> 24
14 -> 67
15 -> 34
16 -> 18
17 -> 44
18 -> 27
19 -> 70
20 -> 81
21 -> 12
22 -> 6
23 -> 72
24 -> 73
25 -> 46
26 -> 54
27 -> 91
28 -> 76
29 -> 99
30 -> 80
31 -> 9
32 -> 17
33 -> 41
34 -> 50
35 -> 47
36 -> 30
37 -> 88
38 -> 63
39 -> 37
40 -> 83
41 -> 31
42 -> 21
43 -> 36
44 -> 43
45 -> 15
46 -> 1
47 -> 57
48 -> 71
49 -> 56
50 -> 32
51 -> 20
52 -> 11
53 -> 60
54 -> 62
55 -> 13
56 -> 26
57 -> 16
58 -> 22
59 -> 68
60 -> 38
61 -> 19
62 -> 49
63 -> 55
64 -> 35
65 -> 78
66 -> 29
67 -> 94
68 -> 45
69 -> 74
70 -> 82
71 -> 39
72 -> 86
73 -> 25
74 -> 95
75 -> 5
76 -> 8
77 -> 69
78 -> 23
79 -> 93
80 -> 48
81 -> 77
82 -> 28
83 -> 51
84 -> 14
85 -> 100
86 -> 40
87 -> 97
88 -> 42
89 -> 90
90 -> 98
91 -> 79
92 -> 64
93 -> 7
94 -> 53
95 -> 85
96 -> 52
97 -> 10
98 -> 59
99 -> 87
100 -> 2

Cycles:
(1 3 96 52 11 66 29 99 87 97 10 4 33 41 31 9 89 90 98 59 68 45 15 34 50 32 17 44 43 36 30 80 48 71 39 37 88 42 21 12 75 5 92 64 35 47 57 16 18 27 91 79 93 7 61 19 70 82 28 76 8 58 22 6 84 14 67 94 53 60 38 63 55 13 24 73 25 46)
(2 65 78 23 72 86 40 83 51 20 81 77 69 74 95 85 100)
(26 54 62 49 56)

Cycle à casser:
(26 54 62 49 56)

################
Résolution 46

Permutations:
1 -> 3
2 -> 100
3 -> 96
4 -> 33
5 -> 92
6 -> 22
7 -> 26
8 -> 76
9 -> 89
10 -> 4
11 -> 66
12 -> 75
13 -> 24
14 -> 84
15 -> 34
16 -> 18
17 -> 44
18 -> 27
19 -> 61
20 -> 51
21 -> 12
22 -> 58
23 -> 78
24 -> 73
25 -> 46
26 -> 54
27 -> 91
28 -> 82
29 -> 99
30 -> 80
31 -> 9
32 -> 17
33 -> 41
34 -> 50
35 -> 47
36 -> 30
37 -> 88
38 -> 63
39 -> 37
40 -> 86
41 -> 31
42 -> 21
43 -> 36
44 -> 43
45 -> 15
46 -> 1
47 -> 57
48 -> 71
49 -> 56
50 -> 32
51 -> 83
52 -> 11
53 -> 94
54 -> 62
55 -> 13
56 -> 53
57 -> 16
58 -> 8
59 -> 68
60 -> 38
61 -> 7
62 -> 49
63 -> 55
64 -> 35
65 -> 2
66 -> 29
67 -> 14
68 -> 45
69 -> 77
70 -> 19
71 -> 39
72 -> 23
73 -> 25
74 -> 69
75 -> 5
76 -> 28
77 -> 81
78 -> 65
79 -> 93
80 -> 48
81 -> 20
82 -> 70
83 -> 40
84 -> 6
85 -> 60
86 -> 72
87 -> 97
88 -> 42
89 -> 90
90 -> 98
91 -> 79
92 -> 64
93 -> 95
94 -> 67
95 -> 74
96 -> 52
97 -> 10
98 -> 59
99 -> 87
100 -> 85

Cycles:
(1 3 96 52 11 66 29 99 87 97 10 4 33 41 31 9 89 90 98 59 68 45 15 34 50 32 17 44 43 36 30 80 48 71 39 37 88 42 21 12 75 5 92 64 35 47 57 16 18 27 91 79 93 95 74 69 77 81 20 51 83 40 86 72 23 78 65 2 100 85 60 38 63 55 13 24 73 25 46)
(6 22 58 8 76 28 82 70 19 61 7 26 54 62 49 56 53 94 67 14 84)

Cycle à casser:
(6 22 58 8 76 28 82 70 19 61 7 26 54 62 49 56 53 94 67 14 84)

################
Résolution 47

Permutations:
1 -> 3
2 -> 100
3 -> 96
4 -> 33
5 -> 92
6 -> 84
7 -> 61
8 -> 58
9 -> 89
10 -> 4
11 -> 66
12 -> 75
13 -> 24
14 -> 67
15 -> 34
16 -> 18
17 -> 44
18 -> 27
19 -> 70
20 -> 51
21 -> 12
22 -> 6
23 -> 78
24 -> 73
25 -> 46
26 -> 7
27 -> 91
28 -> 76
29 -> 99
30 -> 80
31 -> 9
32 -> 17
33 -> 41
34 -> 50
35 -> 47
36 -> 30
37 -> 88
38 -> 63
39 -> 37
40 -> 86
41 -> 31
42 -> 21
43 -> 36
44 -> 43
45 -> 15
46 -> 1
47 -> 57
48 -> 71
49 -> 62
50 -> 32
51 -> 83
52 -> 11
53 -> 56
54 -> 26
55 -> 13
56 -> 49
57 -> 16
58 -> 22
59 -> 68
60 -> 38
61 -> 19
62 -> 54
63 -> 55
64 -> 35
65 -> 2
66 -> 29
67 -> 94
68 -> 45
69 -> 77
70 -> 82
71 -> 39
72 -> 23
73 -> 25
74 -> 69
75 -> 5
76 -> 8
77 -> 81
78 -> 65
79 -> 93
80 -> 48
81 -> 20
82 -> 28
83 -> 40
84 -> 14
85 -> 60
86 -> 72
87 -> 97
88 -> 42
89 -> 90
90 -> 98
91 -> 79
92 -> 64
93 -> 95
94 -> 53
95 -> 74
96 -> 52
97 -> 10
98 -> 59
99 -> 87
100 -> 85

Cycles:
(1 3 96 52 11 66 29 99 87 97 10 4 33 41 31 9 89 90 98 59 68 45 15 34 50 32 17 44 43 36 30 80 48 71 39 37 88 42 21 12 75 5 92 64 35 47 57 16 18 27 91 79 93 95 74 69 77 81 20 51 83 40 86 72 23 78 65 2 100 85 60 38 63 55 13 24 73 25 46)
(6 84 14 67 94 53 56 49 62 54 26 7 61 19 70 82 28 76 8 58 22)

Cycle à casser:
(6 84 14 67 94 53 56 49 62 54 26 7 61 19 70 82 28 76 8 58 22)

################
Résolution 48

Permutations:
1 -> 3
2 -> 100
3 -> 96
4 -> 33
5 -> 92
6 -> 84
7 -> 61
8 -> 58
9 -> 89
10 -> 4
11 -> 66
12 -> 75
13 -> 24
14 -> 67
15 -> 34
16 -> 18
17 -> 44
18 -> 27
19 -> 70
20 -> 51
21 -> 12
22 -> 6
23 -> 78
24 -> 73
25 -> 46
26 -> 56
27 -> 91
28 -> 76
29 -> 99
30 -> 80
31 -> 9
32 -> 17
33 -> 41
34 -> 50
35 -> 47
36 -> 30
37 -> 88
38 -> 63
39 -> 37
40 -> 86
41 -> 31
42 -> 21
43 -> 36
44 -> 43
45 -> 15
46 -> 1
47 -> 57
48 -> 71
49 -> 62
50 -> 32
51 -> 83
52 -> 11
53 -> 60
54 -> 26
55 -> 13
56 -> 49
57 -> 16
58 -> 22
59 -> 68
60 -> 38
61 -> 19
62 -> 54
63 -> 55
64 -> 35
65 -> 2
66 -> 29
67 -> 94
68 -> 45
69 -> 77
70 -> 82
71 -> 39
72 -> 23
73 -> 25
74 -> 69
75 -> 5
76 -> 8
77 -> 81
78 -> 65
79 -> 93
80 -> 48
81 -> 20
82 -> 28
83 -> 40
84 -> 14
85 -> 95
86 -> 72
87 -> 97
88 -> 42
89 -> 90
90 -> 98
91 -> 79
92 -> 64
93 -> 7
94 -> 53
95 -> 74
96 -> 52
97 -> 10
98 -> 59
99 -> 87
100 -> 85

Cycles:
(1 3 96 52 11 66 29 99 87 97 10 4 33 41 31 9 89 90 98 59 68 45 15 34 50 32 17 44 43 36 30 80 48 71 39 37 88 42 21 12 75 5 92 64 35 47 57 16 18 27 91 79 93 7 61 19 70 82 28 76 8 58 22 6 84 14 67 94 53 60 38 63 55 13 24 73 25 46)
(2 100 85 95 74 69 77 81 20 51 83 40 86 72 23 78 65)
(26 56 49 62 54)

Cycle à casser:
(26 56 49 62 54)

################
Résolution 49

Permutations:
1 -> 46
2 -> 65
3 -> 1
4 -> 10
5 -> 92
6 -> 22
7 -> 26
8 -> 58
9 -> 89
10 -> 97
11 -> 52
12 -> 75
13 -> 55
14 -> 84
15 -> 34
16 -> 18
17 -> 44
18 -> 27
19 -> 70
20 -> 81
21 -> 12
22 -> 14
23 -> 72
24 -> 13
25 -> 73
26 -> 54
27 -> 91
28 -> 76
29 -> 66
30 -> 80
31 -> 9
32 -> 17
33 -> 4
34 -> 50
35 -> 47
36 -> 30
37 -> 88
38 -> 60
39 -> 37
40 -> 83
41 -> 31
42 -> 21
43 -> 36
44 -> 43
45 -> 15
46 -> 25
47 -> 57
48 -> 71
49 -> 56
50 -> 32
51 -> 20
52 -> 96
53 -> 94
54 -> 62
55 -> 61
56 -> 41
57 -> 16
58 -> 63
59 -> 68
60 -> 53
61 -> 7
62 -> 49
63 -> 38
64 -> 35
65 -> 78
66 -> 11
67 -> 33
68 -> 45
69 -> 74
70 -> 19
71 -> 39
72 -> 86
73 -> 24
74 -> 82
75 -> 5
76 -> 8
77 -> 69
78 -> 23
79 -> 93
80 -> 48
81 -> 77
82 -> 28
83 -> 51
84 -> 6
85 -> 100
86 -> 40
87 -> 99
88 -> 42
89 -> 90
90 -> 98
91 -> 79
92 -> 64
93 -> 95
94 -> 67
95 -> 85
96 -> 3
97 -> 87
98 -> 59
99 -> 29
100 -> 2

Cycles:
(1 46 25 73 24 13 55 61 7 26 54 62 49 56 41 31 9 89 90 98 59 68 45 15 34 50 32 17 44 43 36 30 80 48 71 39 37 88 42 21 12 75 5 92 64 35 47 57 16 18 27 91 79 93 95 85 100 2 65 78 23 72 86 40 83 51 20 81 77 69 74 82 28 76 8 58 63 38 60 53 94 67 33 4 10 97 87 99 29 66 11 52 96 3)
(6 22 14 84)
(19 70)

Cycle à casser:
(19 70)

################
Résolution 50

Permutations:
1 -> 46
2 -> 65
3 -> 96
4 -> 33
5 -> 75
6 -> 22
7 -> 26
8 -> 76
9 -> 89
10 -> 4
11 -> 66
12 -> 21
13 -> 55
14 -> 84
15 -> 34
16 -> 57
17 -> 3
18 -> 16
19 -> 61
20 -> 81
21 -> 42
22 -> 14
23 -> 72
24 -> 13
25 -> 73
26 -> 54
27 -> 18
28 -> 82
29 -> 99
30 -> 36
31 -> 9
32 -> 38
33 -> 67
34 -> 50
35 -> 64
36 -> 43
37 -> 39
38 -> 63
39 -> 71
40 -> 83
41 -> 31
42 -> 88
43 -> 44
44 -> 17
45 -> 15
46 -> 25
47 -> 35
48 -> 80
49 -> 56
50 -> 32
51 -> 20
52 -> 11
53 -> 60
54 -> 62
55 -> 90
56 -> 41
57 -> 47
58 -> 8
59 -> 68
60 -> 85
61 -> 7
62 -> 49
63 -> 58
64 -> 92
65 -> 78
66 -> 29
67 -> 94
68 -> 45
69 -> 74
70 -> 19
71 -> 48
72 -> 86
73 -> 24
74 -> 69
75 -> 12
76 -> 28
77 -> 1
78 -> 23
79 -> 91
80 -> 30
81 -> 77
82 -> 70
83 -> 51
84 -> 6
85 -> 100
86 -> 40
87 -> 97
88 -> 37
89 -> 27
90 -> 98
91 -> 79
92 -> 5
93 -> 95
94 -> 53
95 -> 93
96 -> 52
97 -> 10
98 -> 59
99 -> 87
100 -> 2

Cycles:
(1 46 25 73 24 13 55 90 98 59 68 45 15 34 50 32 38 63 58 8 76 28 82 70 19 61 7 26 54 62 49 56 41 31 9 89 27 18 16 57 47 35 64 92 5 75 12 21 42 88 37 39 71 48 80 30 36 43 44 17 3 96 52 11 66 29 99 87 97 10 4 33 67 94 53 60 85 100 2 65 78 23 72 86 40 83 51 20 81 77)
(6 22 14 84)
(69 74)
(79 91)
(93 95)

Cycle à casser:
(69 74)

################
Résolution 51

Permutations:
1 -> 3
2 -> 100
3 -> 96
4 -> 33
5 -> 92
6 -> 22
7 -> 26
8 -> 76
9 -> 89
10 -> 12
11 -> 21
12 -> 75
13 -> 24
14 -> 84
15 -> 34
16 -> 18
17 -> 66
18 -> 27
19 -> 61
20 -> 51
21 -> 42
22 -> 58
23 -> 78
24 -> 73
25 -> 46
26 -> 54
27 -> 91
28 -> 82
29 -> 99
30 -> 36
31 -> 9
32 -> 17
33 -> 41
34 -> 50
35 -> 47
36 -> 43
37 -> 28
38 -> 63
39 -> 37
40 -> 86
41 -> 31
42 -> 88
43 -> 44
44 -> 80
45 -> 15
46 -> 1
47 -> 57
48 -> 71
49 -> 56
50 -> 32
51 -> 83
52 -> 11
53 -> 94
54 -> 62
55 -> 13
56 -> 53
57 -> 16
58 -> 8
59 -> 68
60 -> 38
61 -> 7
62 -> 49
63 -> 55
64 -> 35
65 -> 2
66 -> 29
67 -> 14
68 -> 45
69 -> 77
70 -> 19
71 -> 48
72 -> 23
73 -> 25
74 -> 69
75 -> 5
76 -> 30
77 -> 81
78 -> 4
79 -> 93
80 -> 39
81 -> 20
82 -> 70
83 -> 40
84 -> 6
85 -> 60
86 -> 72
87 -> 97
88 -> 65
89 -> 90
90 -> 98
91 -> 79
92 -> 64
93 -> 95
94 -> 67
95 -> 74
96 -> 52
97 -> 10
98 -> 59
99 -> 87
100 -> 85

Cycles:
(1 3 96 52 11 21 42 88 65 2 100 85 60 38 63 55 13 24 73 25 46)
(4 33 41 31 9 89 90 98 59 68 45 15 34 50 32 17 66 29 99 87 97 10 12 75 5 92 64 35 47 57 16 18 27 91 79 93 95 74 69 77 81 20 51 83 40 86 72 23 78)
(6 22 58 8 76 30 36 43 44 80 39 37 28 82 70 19 61 7 26 54 62 49 56 53 94 67 14 84)
(48 71)

Cycle à casser:
(48 71)

################
Résolution 52

Permutations:
1 -> 3
2 -> 65
3 -> 96
4 -> 78
5 -> 92
6 -> 84
7 -> 26
8 -> 76
9 -> 8
10 -> 38
11 -> 66
12 -> 75
13 -> 24
14 -> 67
15 -> 45
16 -> 18
17 -> 32
18 -> 27
19 -> 61
20 -> 81
21 -> 12
22 -> 6
23 -> 72
24 -> 73
25 -> 46
26 -> 54
27 -> 89
28 -> 37
29 -> 99
30 -> 36
31 -> 41
32 -> 50
33 -> 4
34 -> 15
35 -> 47
36 -> 43
37 -> 39
38 -> 63
39 -> 71
40 -> 83
41 -> 33
42 -> 21
43 -> 44
44 -> 17
45 -> 68
46 -> 1
47 -> 57
48 -> 80
49 -> 56
50 -> 34
51 -> 20
52 -> 11
53 -> 60
54 -> 62
55 -> 13
56 -> 53
57 -> 16
58 -> 22
59 -> 98
60 -> 85
61 -> 7
62 -> 49
63 -> 58
64 -> 35
65 -> 88
66 -> 29
67 -> 94
68 -> 59
69 -> 74
70 -> 19
71 -> 48
72 -> 86
73 -> 25
74 -> 82
75 -> 5
76 -> 28
77 -> 69
78 -> 23
79 -> 91
80 -> 30
81 -> 77
82 -> 70
83 -> 51
84 -> 14
85 -> 100
86 -> 40
87 -> 97
88 -> 42
89 -> 9
90 -> 55
91 -> 79
92 -> 64
93 -> 95
94 -> 31
95 -> 93
96 -> 52
97 -> 10
98 -> 90
99 -> 87
100 -> 2

Cycles:
(1 3 96 52 11 66 29 99 87 97 10 38 63 58 22 6 84 14 67 94 31 41 33 4 78 23 72 86 40 83 51 20 81 77 69 74 82 70 19 61 7 26 54 62 49 56 53 60 85 100 2 65 88 42 21 12 75 5 92 64 35 47 57 16 18 27 89 9 8 76 28 37 39 71 48 80 30 36 43 44 17 32 50 34 15 45 68 59 98 90 55 13 24 73 25 46)
(79 91)
(93 95)

Cycle à casser:
(79 91)

################
Résolution 53

Permutations:
1 -> 3
2 -> 65
3 -> 96
4 -> 33
5 -> 92
6 -> 84
7 -> 61
8 -> 58
9 -> 89
10 -> 38
11 -> 66
12 -> 75
13 -> 24
14 -> 67
15 -> 34
16 -> 18
17 -> 44
18 -> 27
19 -> 70
20 -> 51
21 -> 12
22 -> 6
23 -> 78
24 -> 73
25 -> 46
26 -> 7
27 -> 91
28 -> 37
29 -> 99
30 -> 76
31 -> 9
32 -> 17
33 -> 41
34 -> 31
35 -> 47
36 -> 30
37 -> 39
38 -> 63
39 -> 80
40 -> 86
41 -> 56
42 -> 21
43 -> 36
44 -> 43
45 -> 15
46 -> 1
47 -> 57
48 -> 71
49 -> 62
50 -> 32
51 -> 83
52 -> 11
53 -> 60
54 -> 26
55 -> 13
56 -> 49
57 -> 16
58 -> 22
59 -> 68
60 -> 85
61 -> 19
62 -> 54
63 -> 55
64 -> 35
65 -> 88
66 -> 29
67 -> 94
68 -> 45
69 -> 77
70 -> 82
71 -> 50
72 -> 23
73 -> 25
74 -> 69
75 -> 5
76 -> 8
77 -> 81
78 -> 4
79 -> 93
80 -> 48
81 -> 20
82 -> 28
83 -> 40
84 -> 14
85 -> 100
86 -> 72
87 -> 97
88 -> 42
89 -> 90
90 -> 98
91 -> 79
92 -> 64
93 -> 95
94 -> 53
95 -> 74
96 -> 52
97 -> 10
98 -> 59
99 -> 87
100 -> 2

Cycles:
(1 3 96 52 11 66 29 99 87 97 10 38 63 55 13 24 73 25 46)
(2 65 88 42 21 12 75 5 92 64 35 47 57 16 18 27 91 79 93 95 74 69 77 81 20 51 83 40 86 72 23 78 4 33 41 56 49 62 54 26 7 61 19 70 82 28 37 39 80 48 71 50 32 17 44 43 36 30 76 8 58 22 6 84 14 67 94 53 60 85 100)
(9 89 90 98 59 68 45 15 34 31)

Cycle à casser:
(9 89 90 98 59 68 45 15 34 31)

################
Résolution 54

Permutations:
1 -> 3
2 -> 100
3 -> 96
4 -> 33
5 -> 92
6 -> 22
7 -> 26
8 -> 76
9 -> 89
10 -> 4
11 -> 52
12 -> 75
13 -> 24
14 -> 84
15 -> 34
16 -> 18
17 -> 44
18 -> 27
19 -> 57
20 -> 51
21 -> 12
22 -> 58
23 -> 78
24 -> 73
25 -> 46
26 -> 54
27 -> 91
28 -> 82
29 -> 66
30 -> 80
31 -> 9
32 -> 17
33 -> 41
34 -> 50
35 -> 47
36 -> 30
37 -> 88
38 -> 63
39 -> 37
40 -> 86
41 -> 31
42 -> 21
43 -> 36
44 -> 43
45 -> 15
46 -> 1
47 -> 97
48 -> 71
49 -> 56
50 -> 32
51 -> 83
52 -> 13
53 -> 94
54 -> 62
55 -> 61
56 -> 53
57 -> 16
58 -> 8
59 -> 68
60 -> 38
61 -> 7
62 -> 49
63 -> 55
64 -> 35
65 -> 2
66 -> 11
67 -> 14
68 -> 45
69 -> 77
70 -> 19
71 -> 39
72 -> 23
73 -> 25
74 -> 69
75 -> 5
76 -> 28
77 -> 81
78 -> 65
79 -> 93
80 -> 48
81 -> 20
82 -> 70
83 -> 40
84 -> 6
85 -> 60
86 -> 72
87 -> 99
88 -> 42
89 -> 90
90 -> 98
91 -> 79
92 -> 64
93 -> 95
94 -> 67
95 -> 74
96 -> 87
97 -> 10
98 -> 59
99 -> 29
100 -> 85

Cycles:
(1 3 96 87 99 29 66 11 52 13 24 73 25 46)
(2 100 85 60 38 63 55 61 7 26 54 62 49 56 53 94 67 14 84 6 22 58 8 76 28 82 70 19 57 16 18 27 91 79 93 95 74 69 77 81 20 51 83 40 86 72 23 78 65)
(4 33 41 31 9 89 90 98 59 68 45 15 34 50 32 17 44 43 36 30 80 48 71 39 37 88 42 21 12 75 5 92 64 35 47 97 10)

Cycle à casser:
(1 3 96 87 99 29 66 11 52 13 24 73 25 46)

################
Résolution 55

Permutations:
1 -> 3
2 -> 100
3 -> 96
4 -> 33
5 -> 92
6 -> 84
7 -> 61
8 -> 16
9 -> 89
10 -> 4
11 -> 66
12 -> 75
13 -> 24
14 -> 67
15 -> 34
16 -> 18
17 -> 44
18 -> 27
19 -> 70
20 -> 51
21 -> 12
22 -> 6
23 -> 78
24 -> 73
25 -> 46
26 -> 7
27 -> 91
28 -> 76
29 -> 99
30 -> 80
31 -> 9
32 -> 17
33 -> 41
34 -> 50
35 -> 47
36 -> 30
37 -> 88
38 -> 63
39 -> 37
40 -> 86
41 -> 31
42 -> 21
43 -> 36
44 -> 43
45 -> 15
46 -> 1
47 -> 57
48 -> 71
49 -> 62
50 -> 32
51 -> 83
52 -> 11
53 -> 56
54 -> 26
55 -> 13
56 -> 49
57 -> 19
58 -> 22
59 -> 68
60 -> 38
61 -> 55
62 -> 54
63 -> 58
64 -> 35
65 -> 2
66 -> 29
67 -> 94
68 -> 45
69 -> 77
70 -> 82
71 -> 39
72 -> 23
73 -> 25
74 -> 69
75 -> 5
76 -> 8
77 -> 81
78 -> 65
79 -> 93
80 -> 48
81 -> 20
82 -> 28
83 -> 40
84 -> 14
85 -> 60
86 -> 72
87 -> 97
88 -> 42
89 -> 90
90 -> 98
91 -> 79
92 -> 64
93 -> 95
94 -> 53
95 -> 74
96 -> 52
97 -> 10
98 -> 59
99 -> 87
100 -> 85

Cycles:
(1 3 96 52 11 66 29 99 87 97 10 4 33 41 31 9 89 90 98 59 68 45 15 34 50 32 17 44 43 36 30 80 48 71 39 37 88 42 21 12 75 5 92 64 35 47 57 19 70 82 28 76 8 16 18 27 91 79 93 95 74 69 77 81 20 51 83 40 86 72 23 78 65 2 100 85 60 38 63 58 22 6 84 14 67 94 53 56 49 62 54 26 7 61 55 13 24 73 25 46)

z = 173

Résultat :
-----------
Temps (secondes) : 76.880
Nombre d'appels à GPLK : 55
Nombre d'appels à realloc (/3) : 1
Nombre de contraintes ajoutées : 254
Writing problem data to './plat/plat100.dat.lp'...
24976 lines were written
