################
Résolution 1

Permutations:
1 -> 4
2 -> 18
3 -> 11
4 -> 1
5 -> 31
6 -> 25
7 -> 29
8 -> 16
9 -> 33
10 -> 32
11 -> 3
12 -> 28
13 -> 30
14 -> 19
15 -> 24
16 -> 8
17 -> 23
18 -> 2
19 -> 14
20 -> 35
21 -> 22
22 -> 21
23 -> 17
24 -> 15
25 -> 6
26 -> 36
27 -> 34
28 -> 12
29 -> 7
30 -> 13
31 -> 5
32 -> 10
33 -> 9
34 -> 27
35 -> 20
36 -> 26
37 -> 40
38 -> 39
39 -> 38
40 -> 37

Cycles:
(1 4)
(2 18)
(3 11)
(5 31)
(6 25)
(7 29)
(8 16)
(9 33)
(10 32)
(12 28)
(13 30)
(14 19)
(15 24)
(17 23)
(20 35)
(21 22)
(26 36)
(27 34)
(37 40)
(38 39)

Cycle à casser:
(1 4)

################
Résolution 2

Permutations:
1 -> 4
2 -> 18
3 -> 11
4 -> 14
5 -> 31
6 -> 25
7 -> 29
8 -> 16
9 -> 33
10 -> 32
11 -> 3
12 -> 28
13 -> 1
14 -> 15
15 -> 24
16 -> 30
17 -> 8
18 -> 2
19 -> 38
20 -> 35
21 -> 22
22 -> 21
23 -> 17
24 -> 23
25 -> 6
26 -> 36
27 -> 34
28 -> 12
29 -> 7
30 -> 13
31 -> 5
32 -> 10
33 -> 9
34 -> 27
35 -> 20
36 -> 26
37 -> 40
38 -> 39
39 -> 19
40 -> 37

Cycles:
(1 4 14 15 24 23 17 8 16 30 13)
(2 18)
(3 11)
(5 31)
(6 25)
(7 29)
(9 33)
(10 32)
(12 28)
(19 38 39)
(20 35)
(21 22)
(26 36)
(27 34)
(37 40)

Cycle à casser:
(2 18)

################
Résolution 3

Permutations:
1 -> 13
2 -> 18
3 -> 11
4 -> 1
5 -> 31
6 -> 25
7 -> 10
8 -> 17
9 -> 33
10 -> 32
11 -> 3
12 -> 28
13 -> 30
14 -> 4
15 -> 14
16 -> 8
17 -> 23
18 -> 29
19 -> 38
20 -> 35
21 -> 22
22 -> 21
23 -> 24
24 -> 15
25 -> 6
26 -> 36
27 -> 34
28 -> 12
29 -> 7
30 -> 16
31 -> 5
32 -> 20
33 -> 9
34 -> 27
35 -> 40
36 -> 26
37 -> 2
38 -> 39
39 -> 19
40 -> 37

Cycles:
(1 13 30 16 8 17 23 24 15 14 4)
(2 18 29 7 10 32 20 35 40 37)
(3 11)
(5 31)
(6 25)
(9 33)
(12 28)
(19 38 39)
(21 22)
(26 36)
(27 34)

Cycle à casser:
(3 11)

################
Résolution 4

Permutations:
1 -> 4
2 -> 18
3 -> 11
4 -> 14
5 -> 31
6 -> 25
7 -> 10
8 -> 16
9 -> 33
10 -> 32
11 -> 15
12 -> 28
13 -> 1
14 -> 3
15 -> 24
16 -> 30
17 -> 8
18 -> 29
19 -> 38
20 -> 35
21 -> 22
22 -> 21
23 -> 17
24 -> 23
25 -> 6
26 -> 36
27 -> 34
28 -> 12
29 -> 7
30 -> 13
31 -> 5
32 -> 20
33 -> 9
34 -> 27
35 -> 40
36 -> 26
37 -> 2
38 -> 39
39 -> 19
40 -> 37

Cycles:
(1 4 14 3 11 15 24 23 17 8 16 30 13)
(2 18 29 7 10 32 20 35 40 37)
(5 31)
(6 25)
(9 33)
(12 28)
(19 38 39)
(21 22)
(26 36)
(27 34)

Cycle à casser:
(5 31)

################
Résolution 5

Permutations:
1 -> 4
2 -> 37
3 -> 11
4 -> 14
5 -> 31
6 -> 25
7 -> 29
8 -> 16
9 -> 33
10 -> 32
11 -> 38
12 -> 28
13 -> 1
14 -> 3
15 -> 24
16 -> 30
17 -> 8
18 -> 2
19 -> 18
20 -> 35
21 -> 22
22 -> 21
23 -> 17
24 -> 23
25 -> 6
26 -> 36
27 -> 34
28 -> 12
29 -> 7
30 -> 13
31 -> 15
32 -> 10
33 -> 9
34 -> 27
35 -> 20
36 -> 26
37 -> 40
38 -> 39
39 -> 19
40 -> 5

Cycles:
(1 4 14 3 11 38 39 19 18 2 37 40 5 31 15 24 23 17 8 16 30 13)
(6 25)
(7 29)
(9 33)
(10 32)
(12 28)
(20 35)
(21 22)
(26 36)
(27 34)

Cycle à casser:
(6 25)

################
Résolution 6

Permutations:
1 -> 4
2 -> 18
3 -> 11
4 -> 14
5 -> 40
6 -> 25
7 -> 29
8 -> 16
9 -> 17
10 -> 32
11 -> 31
12 -> 28
13 -> 1
14 -> 3
15 -> 24
16 -> 30
17 -> 8
18 -> 6
19 -> 38
20 -> 35
21 -> 22
22 -> 21
23 -> 15
24 -> 23
25 -> 33
26 -> 36
27 -> 34
28 -> 12
29 -> 7
30 -> 13
31 -> 5
32 -> 10
33 -> 9
34 -> 27
35 -> 20
36 -> 26
37 -> 2
38 -> 39
39 -> 19
40 -> 37

Cycles:
(1 4 14 3 11 31 5 40 37 2 18 6 25 33 9 17 8 16 30 13)
(7 29)
(10 32)
(12 28)
(15 24 23)
(19 38 39)
(20 35)
(21 22)
(26 36)
(27 34)

Cycle à casser:
(7 29)

################
Résolution 7

Permutations:
1 -> 13
2 -> 37
3 -> 14
4 -> 1
5 -> 31
6 -> 25
7 -> 29
8 -> 16
9 -> 33
10 -> 7
11 -> 3
12 -> 28
13 -> 30
14 -> 4
15 -> 24
16 -> 8
17 -> 23
18 -> 2
19 -> 38
20 -> 32
21 -> 22
22 -> 21
23 -> 17
24 -> 15
25 -> 35
26 -> 36
27 -> 34
28 -> 12
29 -> 18
30 -> 6
31 -> 11
32 -> 10
33 -> 9
34 -> 27
35 -> 20
36 -> 26
37 -> 40
38 -> 39
39 -> 19
40 -> 5

Cycles:
(1 13 30 6 25 35 20 32 10 7 29 18 2 37 40 5 31 11 3 14 4)
(8 16)
(9 33)
(12 28)
(15 24)
(17 23)
(19 38 39)
(21 22)
(26 36)
(27 34)

Cycle à casser:
(8 16)

################
Résolution 8

Permutations:
1 -> 13
2 -> 37
3 -> 35
4 -> 1
5 -> 31
6 -> 18
7 -> 29
8 -> 17
9 -> 33
10 -> 7
11 -> 3
12 -> 28
13 -> 30
14 -> 4
15 -> 23
16 -> 8
17 -> 9
18 -> 2
19 -> 38
20 -> 32
21 -> 22
22 -> 21
23 -> 24
24 -> 15
25 -> 6
26 -> 36
27 -> 34
28 -> 12
29 -> 14
30 -> 16
31 -> 11
32 -> 10
33 -> 25
34 -> 27
35 -> 20
36 -> 26
37 -> 40
38 -> 39
39 -> 19
40 -> 5

Cycles:
(1 13 30 16 8 17 9 33 25 6 18 2 37 40 5 31 11 3 35 20 32 10 7 29 14 4)
(12 28)
(15 23 24)
(19 38 39)
(21 22)
(26 36)
(27 34)

Cycle à casser:
(12 28)

################
Résolution 9

Permutations:
1 -> 13
2 -> 4
3 -> 11
4 -> 1
5 -> 22
6 -> 18
7 -> 10
8 -> 17
9 -> 33
10 -> 32
11 -> 31
12 -> 28
13 -> 30
14 -> 29
15 -> 24
16 -> 8
17 -> 9
18 -> 2
19 -> 38
20 -> 35
21 -> 12
22 -> 21
23 -> 15
24 -> 23
25 -> 6
26 -> 36
27 -> 34
28 -> 14
29 -> 7
30 -> 16
31 -> 5
32 -> 20
33 -> 25
34 -> 27
35 -> 3
36 -> 26
37 -> 40
38 -> 39
39 -> 19
40 -> 37

Cycles:
(1 13 30 16 8 17 9 33 25 6 18 2 4)
(3 11 31 5 22 21 12 28 14 29 7 10 32 20 35)
(15 24 23)
(19 38 39)
(26 36)
(27 34)
(37 40)

Cycle à casser:
(26 36)

################
Résolution 10

Permutations:
1 -> 4
2 -> 18
3 -> 11
4 -> 14
5 -> 31
6 -> 30
7 -> 10
8 -> 17
9 -> 33
10 -> 32
11 -> 38
12 -> 21
13 -> 1
14 -> 3
15 -> 23
16 -> 8
17 -> 9
18 -> 29
19 -> 39
20 -> 35
21 -> 22
22 -> 5
23 -> 24
24 -> 26
25 -> 6
26 -> 36
27 -> 34
28 -> 12
29 -> 7
30 -> 16
31 -> 15
32 -> 20
33 -> 25
34 -> 27
35 -> 40
36 -> 13
37 -> 2
38 -> 19
39 -> 28
40 -> 37

Cycles:
(1 4 14 3 11 38 19 39 28 12 21 22 5 31 15 23 24 26 36 13)
(2 18 29 7 10 32 20 35 40 37)
(6 30 16 8 17 9 33 25)
(27 34)

Cycle à casser:
(27 34)

################
Résolution 11

Permutations:
1 -> 4
2 -> 18
3 -> 11
4 -> 14
5 -> 31
6 -> 25
7 -> 10
8 -> 16
9 -> 17
10 -> 32
11 -> 38
12 -> 21
13 -> 1
14 -> 27
15 -> 23
16 -> 30
17 -> 8
18 -> 29
19 -> 39
20 -> 35
21 -> 22
22 -> 5
23 -> 24
24 -> 26
25 -> 33
26 -> 36
27 -> 34
28 -> 12
29 -> 7
30 -> 6
31 -> 15
32 -> 20
33 -> 9
34 -> 40
35 -> 3
36 -> 13
37 -> 2
38 -> 19
39 -> 28
40 -> 37

Cycles:
(1 4 14 27 34 40 37 2 18 29 7 10 32 20 35 3 11 38 19 39 28 12 21 22 5 31 15 23 24 26 36 13)
(6 25 33 9 17 8 16 30)

Cycle à casser:
(6 25 33 9 17 8 16 30)

################
Résolution 12

Permutations:
1 -> 4
2 -> 18
3 -> 11
4 -> 14
5 -> 31
6 -> 30
7 -> 10
8 -> 17
9 -> 33
10 -> 32
11 -> 38
12 -> 21
13 -> 1
14 -> 27
15 -> 23
16 -> 8
17 -> 9
18 -> 29
19 -> 39
20 -> 35
21 -> 22
22 -> 5
23 -> 24
24 -> 26
25 -> 6
26 -> 36
27 -> 34
28 -> 12
29 -> 7
30 -> 16
31 -> 15
32 -> 20
33 -> 25
34 -> 40
35 -> 3
36 -> 13
37 -> 2
38 -> 19
39 -> 28
40 -> 37

Cycles:
(1 4 14 27 34 40 37 2 18 29 7 10 32 20 35 3 11 38 19 39 28 12 21 22 5 31 15 23 24 26 36 13)
(6 30 16 8 17 9 33 25)

Cycle à casser:
(6 30 16 8 17 9 33 25)

################
Résolution 13

Permutations:
1 -> 13
2 -> 37
3 -> 35
4 -> 1
5 -> 22
6 -> 30
7 -> 29
8 -> 17
9 -> 33
10 -> 7
11 -> 3
12 -> 28
13 -> 36
14 -> 4
15 -> 31
16 -> 8
17 -> 23
18 -> 2
19 -> 38
20 -> 32
21 -> 12
22 -> 21
23 -> 24
24 -> 15
25 -> 6
26 -> 25
27 -> 14
28 -> 39
29 -> 18
30 -> 16
31 -> 5
32 -> 10
33 -> 9
34 -> 27
35 -> 20
36 -> 26
37 -> 40
38 -> 11
39 -> 19
40 -> 34

Cycles:
(1 13 36 26 25 6 30 16 8 17 23 24 15 31 5 22 21 12 28 39 19 38 11 3 35 20 32 10 7 29 18 2 37 40 34 27 14 4)
(9 33)

Cycle à casser:
(9 33)

################
Résolution 14

Permutations:
1 -> 13
2 -> 37
3 -> 11
4 -> 1
5 -> 22
6 -> 30
7 -> 29
8 -> 17
9 -> 33
10 -> 7
11 -> 31
12 -> 28
13 -> 36
14 -> 4
15 -> 24
16 -> 8
17 -> 9
18 -> 2
19 -> 38
20 -> 32
21 -> 12
22 -> 21
23 -> 15
24 -> 23
25 -> 6
26 -> 25
27 -> 10
28 -> 14
29 -> 18
30 -> 16
31 -> 5
32 -> 20
33 -> 35
34 -> 27
35 -> 3
36 -> 26
37 -> 40
38 -> 39
39 -> 19
40 -> 34

Cycles:
(1 13 36 26 25 6 30 16 8 17 9 33 35 3 11 31 5 22 21 12 28 14 4)
(2 37 40 34 27 10 7 29 18)
(15 24 23)
(19 38 39)
(20 32)

Cycle à casser:
(20 32)

################
Résolution 15

Permutations:
1 -> 13
2 -> 18
3 -> 11
4 -> 1
5 -> 22
6 -> 30
7 -> 10
8 -> 17
9 -> 33
10 -> 32
11 -> 31
12 -> 28
13 -> 36
14 -> 4
15 -> 24
16 -> 8
17 -> 9
18 -> 29
19 -> 38
20 -> 27
21 -> 12
22 -> 21
23 -> 15
24 -> 23
25 -> 6
26 -> 25
27 -> 34
28 -> 14
29 -> 7
30 -> 16
31 -> 5
32 -> 20
33 -> 35
34 -> 40
35 -> 3
36 -> 26
37 -> 2
38 -> 39
39 -> 19
40 -> 37

Cycles:
(1 13 36 26 25 6 30 16 8 17 9 33 35 3 11 31 5 22 21 12 28 14 4)
(2 18 29 7 10 32 20 27 34 40 37)
(15 24 23)
(19 38 39)

Cycle à casser:
(15 24 23)

################
Résolution 16

Permutations:
1 -> 13
2 -> 37
3 -> 35
4 -> 1
5 -> 22
6 -> 30
7 -> 29
8 -> 20
9 -> 17
10 -> 7
11 -> 3
12 -> 28
13 -> 36
14 -> 4
15 -> 31
16 -> 8
17 -> 9
18 -> 2
19 -> 38
20 -> 32
21 -> 12
22 -> 21
23 -> 15
24 -> 23
25 -> 6
26 -> 24
27 -> 14
28 -> 39
29 -> 18
30 -> 16
31 -> 5
32 -> 10
33 -> 25
34 -> 27
35 -> 33
36 -> 26
37 -> 40
38 -> 11
39 -> 19
40 -> 34

Cycles:
(1 13 36 26 24 23 15 31 5 22 21 12 28 39 19 38 11 3 35 33 25 6 30 16 8 20 32 10 7 29 18 2 37 40 34 27 14 4)
(9 17)

Cycle à casser:
(9 17)

################
Résolution 17

Permutations:
1 -> 4
2 -> 18
3 -> 35
4 -> 14
5 -> 31
6 -> 25
7 -> 10
8 -> 16
9 -> 17
10 -> 32
11 -> 3
12 -> 21
13 -> 1
14 -> 28
15 -> 23
16 -> 30
17 -> 8
18 -> 29
19 -> 38
20 -> 27
21 -> 22
22 -> 5
23 -> 24
24 -> 15
25 -> 26
26 -> 36
27 -> 34
28 -> 12
29 -> 7
30 -> 6
31 -> 11
32 -> 20
33 -> 9
34 -> 40
35 -> 33
36 -> 13
37 -> 2
38 -> 39
39 -> 19
40 -> 37

Cycles:
(1 4 14 28 12 21 22 5 31 11 3 35 33 9 17 8 16 30 6 25 26 36 13)
(2 18 29 7 10 32 20 27 34 40 37)
(15 23 24)
(19 38 39)

Cycle à casser:
(15 23 24)

################
Résolution 18

Permutations:
1 -> 13
2 -> 37
3 -> 35
4 -> 1
5 -> 22
6 -> 30
7 -> 29
8 -> 20
9 -> 17
10 -> 7
11 -> 3
12 -> 28
13 -> 36
14 -> 4
15 -> 31
16 -> 8
17 -> 23
18 -> 2
19 -> 38
20 -> 32
21 -> 12
22 -> 21
23 -> 24
24 -> 15
25 -> 6
26 -> 25
27 -> 14
28 -> 39
29 -> 18
30 -> 16
31 -> 5
32 -> 10
33 -> 9
34 -> 27
35 -> 33
36 -> 26
37 -> 40
38 -> 11
39 -> 19
40 -> 34

Cycles:
(1 13 36 26 25 6 30 16 8 20 32 10 7 29 18 2 37 40 34 27 14 4)
(3 35 33 9 17 23 24 15 31 5 22 21 12 28 39 19 38 11)

Cycle à casser:
(3 35 33 9 17 23 24 15 31 5 22 21 12 28 39 19 38 11)

################
Résolution 19

Permutations:
1 -> 4
2 -> 18
3 -> 35
4 -> 14
5 -> 22
6 -> 25
7 -> 10
8 -> 16
9 -> 17
10 -> 32
11 -> 3
12 -> 28
13 -> 1
14 -> 27
15 -> 31
16 -> 30
17 -> 23
18 -> 29
19 -> 38
20 -> 8
21 -> 12
22 -> 21
23 -> 24
24 -> 15
25 -> 33
26 -> 36
27 -> 34
28 -> 39
29 -> 7
30 -> 6
31 -> 5
32 -> 26
33 -> 9
34 -> 40
35 -> 20
36 -> 13
37 -> 2
38 -> 11
39 -> 19
40 -> 37

Cycles:
(1 4 14 27 34 40 37 2 18 29 7 10 32 26 36 13)
(3 35 20 8 16 30 6 25 33 9 17 23 24 15 31 5 22 21 12 28 39 19 38 11)

Cycle à casser:
(1 4 14 27 34 40 37 2 18 29 7 10 32 26 36 13)

################
Résolution 20

Permutations:
1 -> 13
2 -> 37
3 -> 35
4 -> 1
5 -> 22
6 -> 25
7 -> 29
8 -> 16
9 -> 17
10 -> 7
11 -> 3
12 -> 28
13 -> 36
14 -> 4
15 -> 31
16 -> 30
17 -> 23
18 -> 2
19 -> 38
20 -> 8
21 -> 12
22 -> 21
23 -> 24
24 -> 15
25 -> 33
26 -> 32
27 -> 14
28 -> 39
29 -> 18
30 -> 6
31 -> 5
32 -> 10
33 -> 9
34 -> 27
35 -> 20
36 -> 26
37 -> 40
38 -> 11
39 -> 19
40 -> 34

Cycles:
(1 13 36 26 32 10 7 29 18 2 37 40 34 27 14 4)
(3 35 20 8 16 30 6 25 33 9 17 23 24 15 31 5 22 21 12 28 39 19 38 11)

Cycle à casser:
(1 13 36 26 32 10 7 29 18 2 37 40 34 27 14 4)

################
Résolution 21

Permutations:
1 -> 13
2 -> 37
3 -> 35
4 -> 1
5 -> 22
6 -> 30
7 -> 29
8 -> 17
9 -> 33
10 -> 7
11 -> 3
12 -> 28
13 -> 36
14 -> 4
15 -> 31
16 -> 8
17 -> 9
18 -> 2
19 -> 38
20 -> 32
21 -> 12
22 -> 21
23 -> 15
24 -> 23
25 -> 6
26 -> 24
27 -> 14
28 -> 39
29 -> 18
30 -> 16
31 -> 5
32 -> 10
33 -> 20
34 -> 27
35 -> 25
36 -> 26
37 -> 40
38 -> 11
39 -> 19
40 -> 34

Cycles:
(1 13 36 26 24 23 15 31 5 22 21 12 28 39 19 38 11 3 35 25 6 30 16 8 17 9 33 20 32 10 7 29 18 2 37 40 34 27 14 4)

z = 192

Résultat :
-----------
Temps (secondes) : 1.156
Nombre d'appels à GPLK : 21
Nombre d'appels à realloc (/3) : 2
Nombre de contraintes (3') ajoutées : 20
Writing problem data to './data/plat/plat40.dat.lp'...
4000 lines were written
