################
Résolution 1

Permutations:
1 -> 44
2 -> 5
3 -> 14
4 -> 36
5 -> 54
6 -> 8
7 -> 23
8 -> 28
9 -> 16
10 -> 19
11 -> 17
12 -> 15
13 -> 39
14 -> 29
15 -> 4
16 -> 12
17 -> 25
18 -> 55
19 -> 43
20 -> 52
21 -> 51
22 -> 3
23 -> 18
24 -> 27
25 -> 11
26 -> 48
27 -> 47
28 -> 24
29 -> 1
30 -> 13
31 -> 42
32 -> 26
33 -> 60
34 -> 50
35 -> 57
36 -> 34
37 -> 21
38 -> 10
39 -> 40
40 -> 41
41 -> 22
42 -> 38
43 -> 59
44 -> 49
45 -> 32
46 -> 9
47 -> 45
48 -> 37
49 -> 35
50 -> 46
51 -> 30
52 -> 58
53 -> 6
54 -> 2
55 -> 20
56 -> 7
57 -> 31
58 -> 56
59 -> 33
60 -> 53

Cycles:
(1 44 49 35 57 31 42 38 10 19 43 59 33 60 53 6 8 28 24 27 47 45 32 26 48 37 21 51 30 13 39 40 41 22 3 14 29)
(2 5 54)
(4 36 34 50 46 9 16 12 15)
(7 23 18 55 20 52 58 56)
(11 17 25)

Cycle à casser:
(2 5 54)

################
Résolution 2

Permutations:
1 -> 44
2 -> 5
3 -> 14
4 -> 36
5 -> 54
6 -> 8
7 -> 23
8 -> 28
9 -> 16
10 -> 19
11 -> 17
12 -> 15
13 -> 39
14 -> 29
15 -> 4
16 -> 12
17 -> 25
18 -> 55
19 -> 43
20 -> 52
21 -> 51
22 -> 48
23 -> 18
24 -> 27
25 -> 11
26 -> 37
27 -> 47
28 -> 24
29 -> 1
30 -> 13
31 -> 2
32 -> 26
33 -> 60
34 -> 42
35 -> 57
36 -> 34
37 -> 3
38 -> 10
39 -> 40
40 -> 41
41 -> 22
42 -> 38
43 -> 59
44 -> 49
45 -> 32
46 -> 9
47 -> 45
48 -> 50
49 -> 35
50 -> 46
51 -> 30
52 -> 58
53 -> 6
54 -> 21
55 -> 20
56 -> 7
57 -> 31
58 -> 56
59 -> 33
60 -> 53

Cycles:
(1 44 49 35 57 31 2 5 54 21 51 30 13 39 40 41 22 48 50 46 9 16 12 15 4 36 34 42 38 10 19 43 59 33 60 53 6 8 28 24 27 47 45 32 26 37 3 14 29)
(7 23 18 55 20 52 58 56)
(11 17 25)

Cycle à casser:
(11 17 25)

################
Résolution 3

Permutations:
1 -> 44
2 -> 5
3 -> 14
4 -> 36
5 -> 54
6 -> 8
7 -> 23
8 -> 28
9 -> 16
10 -> 19
11 -> 17
12 -> 15
13 -> 39
14 -> 29
15 -> 4
16 -> 12
17 -> 25
18 -> 55
19 -> 43
20 -> 52
21 -> 51
22 -> 48
23 -> 18
24 -> 27
25 -> 37
26 -> 11
27 -> 47
28 -> 24
29 -> 1
30 -> 13
31 -> 2
32 -> 26
33 -> 60
34 -> 42
35 -> 57
36 -> 34
37 -> 3
38 -> 10
39 -> 40
40 -> 41
41 -> 22
42 -> 38
43 -> 59
44 -> 49
45 -> 32
46 -> 9
47 -> 45
48 -> 50
49 -> 35
50 -> 46
51 -> 30
52 -> 58
53 -> 6
54 -> 21
55 -> 20
56 -> 7
57 -> 31
58 -> 56
59 -> 33
60 -> 53

Cycles:
(1 44 49 35 57 31 2 5 54 21 51 30 13 39 40 41 22 48 50 46 9 16 12 15 4 36 34 42 38 10 19 43 59 33 60 53 6 8 28 24 27 47 45 32 26 11 17 25 37 3 14 29)
(7 23 18 55 20 52 58 56)

Cycle à casser:
(7 23 18 55 20 52 58 56)

################
Résolution 4

Permutations:
1 -> 44
2 -> 5
3 -> 14
4 -> 36
5 -> 54
6 -> 8
7 -> 23
8 -> 7
9 -> 16
10 -> 19
11 -> 17
12 -> 15
13 -> 39
14 -> 29
15 -> 4
16 -> 12
17 -> 25
18 -> 55
19 -> 43
20 -> 52
21 -> 51
22 -> 48
23 -> 18
24 -> 28
25 -> 37
26 -> 11
27 -> 47
28 -> 24
29 -> 1
30 -> 13
31 -> 2
32 -> 26
33 -> 60
34 -> 42
35 -> 57
36 -> 34
37 -> 3
38 -> 10
39 -> 40
40 -> 41
41 -> 22
42 -> 38
43 -> 59
44 -> 49
45 -> 32
46 -> 9
47 -> 45
48 -> 50
49 -> 35
50 -> 46
51 -> 30
52 -> 58
53 -> 6
54 -> 21
55 -> 20
56 -> 27
57 -> 31
58 -> 56
59 -> 33
60 -> 53

Cycles:
(1 44 49 35 57 31 2 5 54 21 51 30 13 39 40 41 22 48 50 46 9 16 12 15 4 36 34 42 38 10 19 43 59 33 60 53 6 8 7 23 18 55 20 52 58 56 27 47 45 32 26 11 17 25 37 3 14 29)
(24 28)

Cycle à casser:
(24 28)

################
Résolution 5

Permutations:
1 -> 44
2 -> 5
3 -> 14
4 -> 36
5 -> 23
6 -> 8
7 -> 49
8 -> 28
9 -> 41
10 -> 19
11 -> 17
12 -> 15
13 -> 39
14 -> 29
15 -> 4
16 -> 12
17 -> 25
18 -> 55
19 -> 43
20 -> 52
21 -> 51
22 -> 48
23 -> 18
24 -> 27
25 -> 16
26 -> 11
27 -> 47
28 -> 24
29 -> 1
30 -> 13
31 -> 2
32 -> 42
33 -> 60
34 -> 50
35 -> 57
36 -> 34
37 -> 3
38 -> 10
39 -> 40
40 -> 54
41 -> 22
42 -> 38
43 -> 59
44 -> 26
45 -> 32
46 -> 9
47 -> 45
48 -> 37
49 -> 35
50 -> 46
51 -> 30
52 -> 58
53 -> 6
54 -> 21
55 -> 20
56 -> 7
57 -> 31
58 -> 56
59 -> 33
60 -> 53

Cycles:
(1 44 26 11 17 25 16 12 15 4 36 34 50 46 9 41 22 48 37 3 14 29)
(2 5 23 18 55 20 52 58 56 7 49 35 57 31)
(6 8 28 24 27 47 45 32 42 38 10 19 43 59 33 60 53)
(13 39 40 54 21 51 30)

Cycle à casser:
(13 39 40 54 21 51 30)

################
Résolution 6

Permutations:
1 -> 44
2 -> 5
3 -> 14
4 -> 36
5 -> 23
6 -> 8
7 -> 40
8 -> 28
9 -> 41
10 -> 19
11 -> 17
12 -> 15
13 -> 39
14 -> 29
15 -> 4
16 -> 12
17 -> 25
18 -> 55
19 -> 43
20 -> 52
21 -> 51
22 -> 48
23 -> 18
24 -> 27
25 -> 16
26 -> 11
27 -> 47
28 -> 24
29 -> 1
30 -> 13
31 -> 42
32 -> 26
33 -> 60
34 -> 50
35 -> 57
36 -> 34
37 -> 3
38 -> 10
39 -> 2
40 -> 54
41 -> 22
42 -> 38
43 -> 59
44 -> 49
45 -> 32
46 -> 9
47 -> 45
48 -> 37
49 -> 35
50 -> 46
51 -> 30
52 -> 58
53 -> 6
54 -> 21
55 -> 20
56 -> 7
57 -> 31
58 -> 56
59 -> 33
60 -> 53

Cycles:
(1 44 49 35 57 31 42 38 10 19 43 59 33 60 53 6 8 28 24 27 47 45 32 26 11 17 25 16 12 15 4 36 34 50 46 9 41 22 48 37 3 14 29)
(2 5 23 18 55 20 52 58 56 7 40 54 21 51 30 13 39)

Cycle à casser:
(2 5 23 18 55 20 52 58 56 7 40 54 21 51 30 13 39)

################
Résolution 7

Permutations:
1 -> 44
2 -> 5
3 -> 14
4 -> 36
5 -> 54
6 -> 8
7 -> 23
8 -> 28
9 -> 16
10 -> 19
11 -> 17
12 -> 15
13 -> 39
14 -> 29
15 -> 4
16 -> 12
17 -> 25
18 -> 55
19 -> 43
20 -> 52
21 -> 51
22 -> 48
23 -> 18
24 -> 27
25 -> 37
26 -> 11
27 -> 47
28 -> 24
29 -> 1
30 -> 13
31 -> 2
32 -> 26
33 -> 60
34 -> 42
35 -> 57
36 -> 34
37 -> 3
38 -> 10
39 -> 40
40 -> 41
41 -> 20
42 -> 22
43 -> 59
44 -> 49
45 -> 32
46 -> 9
47 -> 45
48 -> 50
49 -> 35
50 -> 46
51 -> 30
52 -> 58
53 -> 6
54 -> 21
55 -> 38
56 -> 7
57 -> 31
58 -> 56
59 -> 33
60 -> 53

Cycles:
(1 44 49 35 57 31 2 5 54 21 51 30 13 39 40 41 20 52 58 56 7 23 18 55 38 10 19 43 59 33 60 53 6 8 28 24 27 47 45 32 26 11 17 25 37 3 14 29)
(4 36 34 42 22 48 50 46 9 16 12 15)

Cycle à casser:
(4 36 34 42 22 48 50 46 9 16 12 15)

################
Résolution 8

Permutations:
1 -> 44
2 -> 5
3 -> 14
4 -> 36
5 -> 54
6 -> 8
7 -> 23
8 -> 28
9 -> 16
10 -> 19
11 -> 17
12 -> 15
13 -> 39
14 -> 29
15 -> 4
16 -> 12
17 -> 25
18 -> 55
19 -> 43
20 -> 52
21 -> 51
22 -> 48
23 -> 18
24 -> 27
25 -> 37
26 -> 57
27 -> 47
28 -> 24
29 -> 1
30 -> 13
31 -> 60
32 -> 26
33 -> 2
34 -> 42
35 -> 56
36 -> 34
37 -> 3
38 -> 10
39 -> 40
40 -> 41
41 -> 22
42 -> 38
43 -> 59
44 -> 49
45 -> 32
46 -> 9
47 -> 45
48 -> 50
49 -> 35
50 -> 46
51 -> 30
52 -> 58
53 -> 6
54 -> 21
55 -> 20
56 -> 7
57 -> 31
58 -> 33
59 -> 11
60 -> 53

Cycles:
(1 44 49 35 56 7 23 18 55 20 52 58 33 2 5 54 21 51 30 13 39 40 41 22 48 50 46 9 16 12 15 4 36 34 42 38 10 19 43 59 11 17 25 37 3 14 29)
(6 8 28 24 27 47 45 32 26 57 31 60 53)

Cycle à casser:
(6 8 28 24 27 47 45 32 26 57 31 60 53)

################
Résolution 9

Permutations:
1 -> 44
2 -> 5
3 -> 14
4 -> 36
5 -> 54
6 -> 8
7 -> 23
8 -> 28
9 -> 16
10 -> 19
11 -> 17
12 -> 15
13 -> 39
14 -> 29
15 -> 4
16 -> 12
17 -> 25
18 -> 55
19 -> 43
20 -> 52
21 -> 51
22 -> 48
23 -> 18
24 -> 27
25 -> 37
26 -> 57
27 -> 47
28 -> 24
29 -> 1
30 -> 13
31 -> 2
32 -> 26
33 -> 60
34 -> 42
35 -> 56
36 -> 34
37 -> 3
38 -> 10
39 -> 40
40 -> 41
41 -> 22
42 -> 38
43 -> 59
44 -> 49
45 -> 32
46 -> 9
47 -> 45
48 -> 50
49 -> 35
50 -> 46
51 -> 30
52 -> 58
53 -> 6
54 -> 21
55 -> 20
56 -> 7
57 -> 31
58 -> 33
59 -> 11
60 -> 53

Cycles:
(1 44 49 35 56 7 23 18 55 20 52 58 33 60 53 6 8 28 24 27 47 45 32 26 57 31 2 5 54 21 51 30 13 39 40 41 22 48 50 46 9 16 12 15 4 36 34 42 38 10 19 43 59 11 17 25 37 3 14 29)

z = 136

Résultat :
-----------
Temps (secondes) : 0.328
Nombre d'appels à GPLK : 9
Nombre d'appels à realloc (/3) : 1
Nombre de contraintes ajoutées : 128
Writing problem data to './relief/relief60.dat.lp'...
8971 lines were written
