################
Résolution 1

Permutations:
1 -> 59
2 -> 78
3 -> 33
4 -> 21
5 -> 74
6 -> 40
7 -> 17
8 -> 73
9 -> 3
10 -> 37
11 -> 42
12 -> 61
13 -> 57
14 -> 79
15 -> 31
16 -> 80
17 -> 60
18 -> 13
19 -> 75
20 -> 69
21 -> 30
22 -> 50
23 -> 51
24 -> 43
25 -> 56
26 -> 19
27 -> 36
28 -> 41
29 -> 20
30 -> 58
31 -> 39
32 -> 6
33 -> 27
34 -> 66
35 -> 18
36 -> 4
37 -> 53
38 -> 11
39 -> 9
40 -> 44
41 -> 62
42 -> 49
43 -> 32
44 -> 55
45 -> 28
46 -> 54
47 -> 46
48 -> 71
49 -> 2
50 -> 63
51 -> 70
52 -> 35
53 -> 12
54 -> 8
55 -> 22
56 -> 38
57 -> 68
58 -> 24
59 -> 26
60 -> 29
61 -> 34
62 -> 16
63 -> 76
64 -> 10
65 -> 1
66 -> 23
67 -> 14
68 -> 77
69 -> 67
70 -> 5
71 -> 72
72 -> 15
73 -> 48
74 -> 47
75 -> 65
76 -> 7
77 -> 52
78 -> 64
79 -> 25
80 -> 45

Cycles:
(1 59 26 19 75 65)
(2 78 64 10 37 53 12 61 34 66 23 51 70 5 74 47 46 54 8 73 48 71 72 15 31 39 9 3 33 27 36 4 21 30 58 24 43 32 6 40 44 55 22 50 63 76 7 17 60 29 20 69 67 14 79 25 56 38 11 42 49)
(13 57 68 77 52 35 18)
(16 80 45 28 41 62)

Cycle à casser:
(1 59 26 19 75 65)

################
Résolution 2

Permutations:
1 -> 59
2 -> 78
3 -> 33
4 -> 21
5 -> 74
6 -> 40
7 -> 17
8 -> 73
9 -> 3
10 -> 37
11 -> 70
12 -> 66
13 -> 57
14 -> 79
15 -> 31
16 -> 80
17 -> 60
18 -> 13
19 -> 75
20 -> 69
21 -> 30
22 -> 50
23 -> 51
24 -> 43
25 -> 54
26 -> 19
27 -> 36
28 -> 41
29 -> 20
30 -> 58
31 -> 39
32 -> 6
33 -> 27
34 -> 26
35 -> 18
36 -> 4
37 -> 53
38 -> 77
39 -> 9
40 -> 44
41 -> 62
42 -> 49
43 -> 32
44 -> 55
45 -> 28
46 -> 42
47 -> 46
48 -> 71
49 -> 2
50 -> 63
51 -> 56
52 -> 35
53 -> 12
54 -> 8
55 -> 11
56 -> 38
57 -> 68
58 -> 24
59 -> 10
60 -> 29
61 -> 34
62 -> 16
63 -> 76
64 -> 48
65 -> 1
66 -> 23
67 -> 61
68 -> 14
69 -> 67
70 -> 5
71 -> 72
72 -> 15
73 -> 22
74 -> 47
75 -> 65
76 -> 7
77 -> 52
78 -> 64
79 -> 25
80 -> 45

Cycles:
(1 59 10 37 53 12 66 23 51 56 38 77 52 35 18 13 57 68 14 79 25 54 8 73 22 50 63 76 7 17 60 29 20 69 67 61 34 26 19 75 65)
(2 78 64 48 71 72 15 31 39 9 3 33 27 36 4 21 30 58 24 43 32 6 40 44 55 11 70 5 74 47 46 42 49)
(16 80 45 28 41 62)

Cycle à casser:
(16 80 45 28 41 62)

################
Résolution 3

Permutations:
1 -> 59
2 -> 78
3 -> 33
4 -> 21
5 -> 74
6 -> 40
7 -> 17
8 -> 73
9 -> 3
10 -> 37
11 -> 42
12 -> 66
13 -> 57
14 -> 79
15 -> 31
16 -> 80
17 -> 60
18 -> 13
19 -> 75
20 -> 69
21 -> 30
22 -> 50
23 -> 51
24 -> 43
25 -> 56
26 -> 19
27 -> 36
28 -> 41
29 -> 20
30 -> 58
31 -> 39
32 -> 6
33 -> 27
34 -> 26
35 -> 18
36 -> 4
37 -> 53
38 -> 77
39 -> 9
40 -> 44
41 -> 62
42 -> 49
43 -> 32
44 -> 55
45 -> 28
46 -> 54
47 -> 46
48 -> 71
49 -> 2
50 -> 63
51 -> 70
52 -> 35
53 -> 12
54 -> 8
55 -> 11
56 -> 45
57 -> 68
58 -> 24
59 -> 10
60 -> 29
61 -> 34
62 -> 16
63 -> 76
64 -> 48
65 -> 1
66 -> 23
67 -> 61
68 -> 14
69 -> 67
70 -> 5
71 -> 72
72 -> 15
73 -> 22
74 -> 47
75 -> 65
76 -> 7
77 -> 52
78 -> 64
79 -> 25
80 -> 38

Cycles:
(1 59 10 37 53 12 66 23 51 70 5 74 47 46 54 8 73 22 50 63 76 7 17 60 29 20 69 67 61 34 26 19 75 65)
(2 78 64 48 71 72 15 31 39 9 3 33 27 36 4 21 30 58 24 43 32 6 40 44 55 11 42 49)
(13 57 68 14 79 25 56 45 28 41 62 16 80 38 77 52 35 18)

Cycle à casser:
(13 57 68 14 79 25 56 45 28 41 62 16 80 38 77 52 35 18)

################
Résolution 4

Permutations:
1 -> 59
2 -> 78
3 -> 33
4 -> 21
5 -> 74
6 -> 40
7 -> 17
8 -> 73
9 -> 3
10 -> 37
11 -> 70
12 -> 66
13 -> 57
14 -> 79
15 -> 31
16 -> 80
17 -> 60
18 -> 13
19 -> 75
20 -> 69
21 -> 30
22 -> 50
23 -> 51
24 -> 43
25 -> 54
26 -> 19
27 -> 36
28 -> 41
29 -> 20
30 -> 58
31 -> 39
32 -> 6
33 -> 27
34 -> 26
35 -> 18
36 -> 4
37 -> 53
38 -> 77
39 -> 9
40 -> 44
41 -> 62
42 -> 49
43 -> 32
44 -> 55
45 -> 28
46 -> 42
47 -> 46
48 -> 71
49 -> 2
50 -> 63
51 -> 56
52 -> 35
53 -> 12
54 -> 8
55 -> 11
56 -> 45
57 -> 68
58 -> 24
59 -> 10
60 -> 29
61 -> 34
62 -> 16
63 -> 76
64 -> 48
65 -> 1
66 -> 23
67 -> 61
68 -> 14
69 -> 67
70 -> 5
71 -> 72
72 -> 15
73 -> 22
74 -> 47
75 -> 65
76 -> 7
77 -> 52
78 -> 64
79 -> 25
80 -> 38

Cycles:
(1 59 10 37 53 12 66 23 51 56 45 28 41 62 16 80 38 77 52 35 18 13 57 68 14 79 25 54 8 73 22 50 63 76 7 17 60 29 20 69 67 61 34 26 19 75 65)
(2 78 64 48 71 72 15 31 39 9 3 33 27 36 4 21 30 58 24 43 32 6 40 44 55 11 70 5 74 47 46 42 49)

Cycle à casser:
(2 78 64 48 71 72 15 31 39 9 3 33 27 36 4 21 30 58 24 43 32 6 40 44 55 11 70 5 74 47 46 42 49)

################
Résolution 5

Permutations:
1 -> 59
2 -> 78
3 -> 33
4 -> 21
5 -> 74
6 -> 40
7 -> 17
8 -> 73
9 -> 3
10 -> 37
11 -> 42
12 -> 66
13 -> 57
14 -> 79
15 -> 38
16 -> 80
17 -> 60
18 -> 13
19 -> 75
20 -> 69
21 -> 30
22 -> 50
23 -> 51
24 -> 43
25 -> 56
26 -> 19
27 -> 36
28 -> 41
29 -> 20
30 -> 58
31 -> 39
32 -> 6
33 -> 27
34 -> 26
35 -> 18
36 -> 4
37 -> 53
38 -> 77
39 -> 9
40 -> 44
41 -> 62
42 -> 49
43 -> 32
44 -> 55
45 -> 28
46 -> 54
47 -> 46
48 -> 71
49 -> 2
50 -> 63
51 -> 70
52 -> 35
53 -> 12
54 -> 8
55 -> 11
56 -> 45
57 -> 68
58 -> 24
59 -> 10
60 -> 29
61 -> 34
62 -> 16
63 -> 76
64 -> 48
65 -> 1
66 -> 23
67 -> 61
68 -> 14
69 -> 67
70 -> 5
71 -> 31
72 -> 15
73 -> 22
74 -> 47
75 -> 65
76 -> 7
77 -> 52
78 -> 64
79 -> 25
80 -> 72

Cycles:
(1 59 10 37 53 12 66 23 51 70 5 74 47 46 54 8 73 22 50 63 76 7 17 60 29 20 69 67 61 34 26 19 75 65)
(2 78 64 48 71 31 39 9 3 33 27 36 4 21 30 58 24 43 32 6 40 44 55 11 42 49)
(13 57 68 14 79 25 56 45 28 41 62 16 80 72 15 38 77 52 35 18)

Cycle à casser:
(13 57 68 14 79 25 56 45 28 41 62 16 80 72 15 38 77 52 35 18)

################
Résolution 6

Permutations:
1 -> 59
2 -> 78
3 -> 33
4 -> 21
5 -> 74
6 -> 40
7 -> 17
8 -> 73
9 -> 3
10 -> 37
11 -> 70
12 -> 66
13 -> 57
14 -> 79
15 -> 38
16 -> 80
17 -> 60
18 -> 13
19 -> 75
20 -> 69
21 -> 30
22 -> 50
23 -> 51
24 -> 43
25 -> 54
26 -> 19
27 -> 36
28 -> 41
29 -> 20
30 -> 58
31 -> 39
32 -> 6
33 -> 27
34 -> 26
35 -> 18
36 -> 4
37 -> 53
38 -> 77
39 -> 9
40 -> 44
41 -> 62
42 -> 49
43 -> 32
44 -> 55
45 -> 28
46 -> 42
47 -> 46
48 -> 71
49 -> 2
50 -> 63
51 -> 56
52 -> 35
53 -> 12
54 -> 8
55 -> 11
56 -> 45
57 -> 68
58 -> 24
59 -> 10
60 -> 29
61 -> 34
62 -> 16
63 -> 76
64 -> 48
65 -> 1
66 -> 23
67 -> 61
68 -> 14
69 -> 67
70 -> 5
71 -> 31
72 -> 15
73 -> 22
74 -> 47
75 -> 65
76 -> 7
77 -> 52
78 -> 64
79 -> 25
80 -> 72

Cycles:
(1 59 10 37 53 12 66 23 51 56 45 28 41 62 16 80 72 15 38 77 52 35 18 13 57 68 14 79 25 54 8 73 22 50 63 76 7 17 60 29 20 69 67 61 34 26 19 75 65)
(2 78 64 48 71 31 39 9 3 33 27 36 4 21 30 58 24 43 32 6 40 44 55 11 70 5 74 47 46 42 49)

Cycle à casser:
(2 78 64 48 71 31 39 9 3 33 27 36 4 21 30 58 24 43 32 6 40 44 55 11 70 5 74 47 46 42 49)

################
Résolution 7

Permutations:
1 -> 59
2 -> 78
3 -> 33
4 -> 21
5 -> 74
6 -> 40
7 -> 17
8 -> 73
9 -> 3
10 -> 37
11 -> 42
12 -> 66
13 -> 57
14 -> 79
15 -> 31
16 -> 80
17 -> 60
18 -> 13
19 -> 75
20 -> 69
21 -> 30
22 -> 50
23 -> 51
24 -> 43
25 -> 56
26 -> 19
27 -> 36
28 -> 41
29 -> 20
30 -> 58
31 -> 39
32 -> 6
33 -> 27
34 -> 26
35 -> 18
36 -> 4
37 -> 53
38 -> 14
39 -> 9
40 -> 44
41 -> 62
42 -> 49
43 -> 32
44 -> 55
45 -> 28
46 -> 54
47 -> 46
48 -> 71
49 -> 2
50 -> 63
51 -> 70
52 -> 35
53 -> 12
54 -> 8
55 -> 11
56 -> 45
57 -> 68
58 -> 24
59 -> 10
60 -> 29
61 -> 34
62 -> 16
63 -> 76
64 -> 48
65 -> 1
66 -> 23
67 -> 61
68 -> 77
69 -> 67
70 -> 5
71 -> 72
72 -> 15
73 -> 22
74 -> 47
75 -> 65
76 -> 7
77 -> 52
78 -> 64
79 -> 25
80 -> 38

Cycles:
(1 59 10 37 53 12 66 23 51 70 5 74 47 46 54 8 73 22 50 63 76 7 17 60 29 20 69 67 61 34 26 19 75 65)
(2 78 64 48 71 72 15 31 39 9 3 33 27 36 4 21 30 58 24 43 32 6 40 44 55 11 42 49)
(13 57 68 77 52 35 18)
(14 79 25 56 45 28 41 62 16 80 38)

Cycle à casser:
(13 57 68 77 52 35 18)

################
Résolution 8

Permutations:
1 -> 59
2 -> 78
3 -> 33
4 -> 21
5 -> 74
6 -> 40
7 -> 17
8 -> 73
9 -> 3
10 -> 37
11 -> 70
12 -> 66
13 -> 57
14 -> 79
15 -> 31
16 -> 80
17 -> 60
18 -> 13
19 -> 75
20 -> 69
21 -> 30
22 -> 50
23 -> 51
24 -> 43
25 -> 54
26 -> 19
27 -> 36
28 -> 41
29 -> 20
30 -> 58
31 -> 39
32 -> 6
33 -> 27
34 -> 26
35 -> 18
36 -> 4
37 -> 53
38 -> 77
39 -> 9
40 -> 44
41 -> 62
42 -> 67
43 -> 32
44 -> 55
45 -> 28
46 -> 42
47 -> 46
48 -> 71
49 -> 2
50 -> 63
51 -> 56
52 -> 35
53 -> 12
54 -> 8
55 -> 11
56 -> 45
57 -> 68
58 -> 24
59 -> 10
60 -> 29
61 -> 34
62 -> 16
63 -> 76
64 -> 48
65 -> 1
66 -> 23
67 -> 61
68 -> 14
69 -> 25
70 -> 5
71 -> 72
72 -> 15
73 -> 22
74 -> 47
75 -> 65
76 -> 7
77 -> 52
78 -> 64
79 -> 38
80 -> 49

Cycles:
(1 59 10 37 53 12 66 23 51 56 45 28 41 62 16 80 49 2 78 64 48 71 72 15 31 39 9 3 33 27 36 4 21 30 58 24 43 32 6 40 44 55 11 70 5 74 47 46 42 67 61 34 26 19 75 65)
(7 17 60 29 20 69 25 54 8 73 22 50 63 76)
(13 57 68 14 79 38 77 52 35 18)

Cycle à casser:
(13 57 68 14 79 38 77 52 35 18)

################
Résolution 9

Permutations:
1 -> 59
2 -> 78
3 -> 33
4 -> 21
5 -> 74
6 -> 40
7 -> 17
8 -> 73
9 -> 3
10 -> 37
11 -> 42
12 -> 66
13 -> 57
14 -> 79
15 -> 31
16 -> 80
17 -> 60
18 -> 13
19 -> 75
20 -> 69
21 -> 30
22 -> 50
23 -> 51
24 -> 43
25 -> 56
26 -> 19
27 -> 36
28 -> 41
29 -> 20
30 -> 58
31 -> 39
32 -> 6
33 -> 27
34 -> 26
35 -> 44
36 -> 4
37 -> 53
38 -> 77
39 -> 9
40 -> 18
41 -> 62
42 -> 49
43 -> 32
44 -> 55
45 -> 28
46 -> 54
47 -> 46
48 -> 71
49 -> 2
50 -> 63
51 -> 70
52 -> 35
53 -> 12
54 -> 8
55 -> 11
56 -> 45
57 -> 68
58 -> 24
59 -> 10
60 -> 29
61 -> 34
62 -> 16
63 -> 76
64 -> 48
65 -> 1
66 -> 23
67 -> 61
68 -> 14
69 -> 67
70 -> 5
71 -> 72
72 -> 15
73 -> 22
74 -> 47
75 -> 65
76 -> 7
77 -> 52
78 -> 64
79 -> 25
80 -> 38

Cycles:
(1 59 10 37 53 12 66 23 51 70 5 74 47 46 54 8 73 22 50 63 76 7 17 60 29 20 69 67 61 34 26 19 75 65)
(2 78 64 48 71 72 15 31 39 9 3 33 27 36 4 21 30 58 24 43 32 6 40 18 13 57 68 14 79 25 56 45 28 41 62 16 80 38 77 52 35 44 55 11 42 49)

Cycle à casser:
(1 59 10 37 53 12 66 23 51 70 5 74 47 46 54 8 73 22 50 63 76 7 17 60 29 20 69 67 61 34 26 19 75 65)

################
Résolution 10

Permutations:
1 -> 59
2 -> 78
3 -> 33
4 -> 21
5 -> 74
6 -> 40
7 -> 17
8 -> 73
9 -> 3
10 -> 37
11 -> 70
12 -> 66
13 -> 57
14 -> 79
15 -> 31
16 -> 80
17 -> 60
18 -> 13
19 -> 75
20 -> 69
21 -> 30
22 -> 50
23 -> 51
24 -> 43
25 -> 54
26 -> 19
27 -> 36
28 -> 41
29 -> 20
30 -> 58
31 -> 39
32 -> 6
33 -> 27
34 -> 26
35 -> 77
36 -> 4
37 -> 53
38 -> 11
39 -> 9
40 -> 18
41 -> 62
42 -> 67
43 -> 32
44 -> 55
45 -> 28
46 -> 42
47 -> 46
48 -> 71
49 -> 44
50 -> 63
51 -> 56
52 -> 35
53 -> 12
54 -> 8
55 -> 22
56 -> 45
57 -> 68
58 -> 24
59 -> 10
60 -> 29
61 -> 34
62 -> 16
63 -> 76
64 -> 25
65 -> 1
66 -> 23
67 -> 61
68 -> 14
69 -> 2
70 -> 5
71 -> 72
72 -> 15
73 -> 48
74 -> 47
75 -> 65
76 -> 7
77 -> 52
78 -> 64
79 -> 38
80 -> 49

Cycles:
(1 59 10 37 53 12 66 23 51 56 45 28 41 62 16 80 49 44 55 22 50 63 76 7 17 60 29 20 69 2 78 64 25 54 8 73 48 71 72 15 31 39 9 3 33 27 36 4 21 30 58 24 43 32 6 40 18 13 57 68 14 79 38 11 70 5 74 47 46 42 67 61 34 26 19 75 65)
(35 77 52)

Cycle à casser:
(35 77 52)

################
Résolution 11

Permutations:
1 -> 59
2 -> 78
3 -> 33
4 -> 21
5 -> 74
6 -> 40
7 -> 17
8 -> 73
9 -> 3
10 -> 37
11 -> 70
12 -> 66
13 -> 57
14 -> 79
15 -> 38
16 -> 80
17 -> 60
18 -> 13
19 -> 75
20 -> 69
21 -> 30
22 -> 50
23 -> 51
24 -> 43
25 -> 54
26 -> 19
27 -> 36
28 -> 41
29 -> 20
30 -> 58
31 -> 39
32 -> 6
33 -> 27
34 -> 26
35 -> 44
36 -> 4
37 -> 53
38 -> 77
39 -> 9
40 -> 18
41 -> 62
42 -> 49
43 -> 32
44 -> 55
45 -> 28
46 -> 42
47 -> 46
48 -> 71
49 -> 2
50 -> 63
51 -> 56
52 -> 35
53 -> 12
54 -> 8
55 -> 11
56 -> 45
57 -> 68
58 -> 24
59 -> 10
60 -> 29
61 -> 34
62 -> 16
63 -> 76
64 -> 48
65 -> 1
66 -> 23
67 -> 61
68 -> 14
69 -> 67
70 -> 5
71 -> 31
72 -> 15
73 -> 22
74 -> 47
75 -> 65
76 -> 7
77 -> 52
78 -> 64
79 -> 25
80 -> 72

Cycles:
(1 59 10 37 53 12 66 23 51 56 45 28 41 62 16 80 72 15 38 77 52 35 44 55 11 70 5 74 47 46 42 49 2 78 64 48 71 31 39 9 3 33 27 36 4 21 30 58 24 43 32 6 40 18 13 57 68 14 79 25 54 8 73 22 50 63 76 7 17 60 29 20 69 67 61 34 26 19 75 65)

z = 99

Résultat :
-----------
Temps (secondes) : 1.156
Nombre d'appels à GPLK : 11
Nombre d'appels à realloc (/3) : 2
Nombre de contraintes ajoutées : 170
Writing problem data to './relief/relief80.dat.lp'...
15956 lines were written
