################
Résolution 1

Permutations:
1 -> 62
2 -> 11
3 -> 72
4 -> 21
5 -> 85
6 -> 34
7 -> 76
8 -> 89
9 -> 26
10 -> 119
11 -> 75
12 -> 2
13 -> 19
14 -> 110
15 -> 82
16 -> 91
17 -> 113
18 -> 93
19 -> 49
20 -> 45
21 -> 44
22 -> 100
23 -> 101
24 -> 84
25 -> 42
26 -> 96
27 -> 98
28 -> 117
29 -> 30
30 -> 105
31 -> 50
32 -> 35
33 -> 115
34 -> 94
35 -> 22
36 -> 112
37 -> 14
38 -> 74
39 -> 54
40 -> 18
41 -> 3
42 -> 48
43 -> 97
44 -> 33
45 -> 57
46 -> 111
47 -> 46
48 -> 13
49 -> 24
50 -> 66
51 -> 103
52 -> 55
53 -> 71
54 -> 108
55 -> 61
56 -> 40
57 -> 8
58 -> 90
59 -> 43
60 -> 10
61 -> 60
62 -> 86
63 -> 87
64 -> 83
65 -> 95
66 -> 116
67 -> 23
68 -> 38
69 -> 17
70 -> 64
71 -> 6
72 -> 52
73 -> 88
74 -> 1
75 -> 106
76 -> 99
77 -> 37
78 -> 92
79 -> 16
80 -> 70
81 -> 47
82 -> 77
83 -> 4
84 -> 12
85 -> 41
86 -> 107
87 -> 53
88 -> 36
89 -> 56
90 -> 67
91 -> 20
92 -> 109
93 -> 51
94 -> 79
95 -> 59
96 -> 29
97 -> 102
98 -> 80
99 -> 78
100 -> 69
101 -> 5
102 -> 73
103 -> 120
104 -> 81
105 -> 63
106 -> 27
107 -> 65
108 -> 9
109 -> 104
110 -> 15
111 -> 68
112 -> 31
113 -> 58
114 -> 32
115 -> 114
116 -> 7
117 -> 39
118 -> 28
119 -> 25
120 -> 118

Cycles:
(1 62 86 107 65 95 59 43 97 102 73 88 36 112 31 50 66 116 7 76 99 78 92 109 104 81 47 46 111 68 38 74)
(2 11 75 106 27 98 80 70 64 83 4 21 44 33 115 114 32 35 22 100 69 17 113 58 90 67 23 101 5 85 41 3 72 52 55 61 60 10 119 25 42 48 13 19 49 24 84 12)
(6 34 94 79 16 91 20 45 57 8 89 56 40 18 93 51 103 120 118 28 117 39 54 108 9 26 96 29 30 105 63 87 53 71)
(14 110 15 82 77 37)

Cycle à casser:
(14 110 15 82 77 37)

################
Résolution 2

Permutations:
1 -> 62
2 -> 11
3 -> 72
4 -> 21
5 -> 85
6 -> 34
7 -> 76
8 -> 89
9 -> 26
10 -> 119
11 -> 75
12 -> 2
13 -> 19
14 -> 110
15 -> 82
16 -> 91
17 -> 113
18 -> 93
19 -> 49
20 -> 45
21 -> 44
22 -> 100
23 -> 101
24 -> 84
25 -> 42
26 -> 96
27 -> 98
28 -> 117
29 -> 30
30 -> 105
31 -> 50
32 -> 35
33 -> 115
34 -> 94
35 -> 22
36 -> 112
37 -> 14
38 -> 74
39 -> 54
40 -> 106
41 -> 3
42 -> 48
43 -> 97
44 -> 33
45 -> 57
46 -> 111
47 -> 46
48 -> 13
49 -> 24
50 -> 81
51 -> 103
52 -> 55
53 -> 18
54 -> 108
55 -> 61
56 -> 40
57 -> 8
58 -> 90
59 -> 43
60 -> 10
61 -> 60
62 -> 86
63 -> 87
64 -> 83
65 -> 95
66 -> 116
67 -> 23
68 -> 38
69 -> 17
70 -> 64
71 -> 6
72 -> 66
73 -> 88
74 -> 1
75 -> 15
76 -> 99
77 -> 37
78 -> 92
79 -> 16
80 -> 70
81 -> 47
82 -> 77
83 -> 4
84 -> 52
85 -> 41
86 -> 107
87 -> 53
88 -> 36
89 -> 56
90 -> 67
91 -> 20
92 -> 109
93 -> 51
94 -> 79
95 -> 59
96 -> 29
97 -> 102
98 -> 80
99 -> 78
100 -> 69
101 -> 5
102 -> 73
103 -> 120
104 -> 71
105 -> 63
106 -> 27
107 -> 65
108 -> 9
109 -> 104
110 -> 12
111 -> 68
112 -> 31
113 -> 58
114 -> 32
115 -> 114
116 -> 7
117 -> 39
118 -> 28
119 -> 25
120 -> 118

Cycles:
(1 62 86 107 65 95 59 43 97 102 73 88 36 112 31 50 81 47 46 111 68 38 74)
(2 11 75 15 82 77 37 14 110 12)
(3 72 66 116 7 76 99 78 92 109 104 71 6 34 94 79 16 91 20 45 57 8 89 56 40 106 27 98 80 70 64 83 4 21 44 33 115 114 32 35 22 100 69 17 113 58 90 67 23 101 5 85 41)
(9 26 96 29 30 105 63 87 53 18 93 51 103 120 118 28 117 39 54 108)
(10 119 25 42 48 13 19 49 24 84 52 55 61 60)

Cycle à casser:
(2 11 75 15 82 77 37 14 110 12)

################
Résolution 3

Permutations:
1 -> 62
2 -> 11
3 -> 87
4 -> 21
5 -> 85
6 -> 34
7 -> 76
8 -> 89
9 -> 26
10 -> 119
11 -> 75
12 -> 2
13 -> 19
14 -> 110
15 -> 82
16 -> 91
17 -> 113
18 -> 93
19 -> 86
20 -> 45
21 -> 44
22 -> 100
23 -> 49
24 -> 84
25 -> 42
26 -> 96
27 -> 98
28 -> 117
29 -> 30
30 -> 105
31 -> 50
32 -> 35
33 -> 115
34 -> 94
35 -> 22
36 -> 112
37 -> 14
38 -> 74
39 -> 37
40 -> 18
41 -> 3
42 -> 48
43 -> 97
44 -> 33
45 -> 58
46 -> 111
47 -> 46
48 -> 13
49 -> 24
50 -> 66
51 -> 103
52 -> 55
53 -> 71
54 -> 102
55 -> 61
56 -> 40
57 -> 8
58 -> 90
59 -> 43
60 -> 10
61 -> 60
62 -> 107
63 -> 104
64 -> 83
65 -> 95
66 -> 116
67 -> 23
68 -> 38
69 -> 17
70 -> 64
71 -> 6
72 -> 54
73 -> 88
74 -> 1
75 -> 106
76 -> 99
77 -> 108
78 -> 92
79 -> 16
80 -> 70
81 -> 47
82 -> 77
83 -> 4
84 -> 52
85 -> 41
86 -> 15
87 -> 53
88 -> 36
89 -> 56
90 -> 67
91 -> 20
92 -> 109
93 -> 51
94 -> 79
95 -> 59
96 -> 29
97 -> 72
98 -> 80
99 -> 78
100 -> 69
101 -> 5
102 -> 73
103 -> 120
104 -> 81
105 -> 63
106 -> 27
107 -> 65
108 -> 9
109 -> 118
110 -> 12
111 -> 68
112 -> 31
113 -> 101
114 -> 32
115 -> 114
116 -> 7
117 -> 39
118 -> 28
119 -> 25
120 -> 57

Cycles:
(1 62 107 65 95 59 43 97 72 54 102 73 88 36 112 31 50 66 116 7 76 99 78 92 109 118 28 117 39 37 14 110 12 2 11 75 106 27 98 80 70 64 83 4 21 44 33 115 114 32 35 22 100 69 17 113 101 5 85 41 3 87 53 71 6 34 94 79 16 91 20 45 58 90 67 23 49 24 84 52 55 61 60 10 119 25 42 48 13 19 86 15 82 77 108 9 26 96 29 30 105 63 104 81 47 46 111 68 38 74)
(8 89 56 40 18 93 51 103 120 57)

Cycle à casser:
(8 89 56 40 18 93 51 103 120 57)

################
Résolution 4

Permutations:
1 -> 62
2 -> 11
3 -> 72
4 -> 21
5 -> 85
6 -> 34
7 -> 76
8 -> 89
9 -> 26
10 -> 119
11 -> 75
12 -> 2
13 -> 19
14 -> 110
15 -> 82
16 -> 91
17 -> 113
18 -> 93
19 -> 49
20 -> 45
21 -> 44
22 -> 100
23 -> 101
24 -> 84
25 -> 42
26 -> 96
27 -> 98
28 -> 117
29 -> 30
30 -> 105
31 -> 50
32 -> 35
33 -> 115
34 -> 94
35 -> 22
36 -> 90
37 -> 14
38 -> 74
39 -> 54
40 -> 18
41 -> 3
42 -> 48
43 -> 97
44 -> 33
45 -> 57
46 -> 107
47 -> 46
48 -> 13
49 -> 24
50 -> 66
51 -> 103
52 -> 55
53 -> 71
54 -> 108
55 -> 61
56 -> 40
57 -> 8
58 -> 17
59 -> 43
60 -> 10
61 -> 60
62 -> 86
63 -> 87
64 -> 83
65 -> 95
66 -> 116
67 -> 23
68 -> 38
69 -> 79
70 -> 64
71 -> 6
72 -> 112
73 -> 88
74 -> 1
75 -> 106
76 -> 99
77 -> 37
78 -> 92
79 -> 16
80 -> 70
81 -> 47
82 -> 77
83 -> 4
84 -> 52
85 -> 41
86 -> 15
87 -> 53
88 -> 36
89 -> 56
90 -> 67
91 -> 20
92 -> 109
93 -> 51
94 -> 111
95 -> 59
96 -> 29
97 -> 102
98 -> 80
99 -> 78
100 -> 69
101 -> 5
102 -> 73
103 -> 120
104 -> 81
105 -> 63
106 -> 27
107 -> 65
108 -> 9
109 -> 104
110 -> 12
111 -> 68
112 -> 31
113 -> 58
114 -> 32
115 -> 114
116 -> 7
117 -> 39
118 -> 28
119 -> 25
120 -> 118

Cycles:
(1 62 86 15 82 77 37 14 110 12 2 11 75 106 27 98 80 70 64 83 4 21 44 33 115 114 32 35 22 100 69 79 16 91 20 45 57 8 89 56 40 18 93 51 103 120 118 28 117 39 54 108 9 26 96 29 30 105 63 87 53 71 6 34 94 111 68 38 74)
(3 72 112 31 50 66 116 7 76 99 78 92 109 104 81 47 46 107 65 95 59 43 97 102 73 88 36 90 67 23 101 5 85 41)
(10 119 25 42 48 13 19 49 24 84 52 55 61 60)
(17 113 58)

Cycle à casser:
(17 113 58)

################
Résolution 5

Permutations:
1 -> 62
2 -> 11
3 -> 72
4 -> 21
5 -> 85
6 -> 34
7 -> 76
8 -> 89
9 -> 26
10 -> 119
11 -> 75
12 -> 2
13 -> 19
14 -> 110
15 -> 82
16 -> 91
17 -> 113
18 -> 93
19 -> 86
20 -> 45
21 -> 44
22 -> 100
23 -> 49
24 -> 84
25 -> 42
26 -> 96
27 -> 98
28 -> 117
29 -> 30
30 -> 105
31 -> 50
32 -> 35
33 -> 115
34 -> 94
35 -> 22
36 -> 112
37 -> 14
38 -> 74
39 -> 37
40 -> 18
41 -> 3
42 -> 48
43 -> 97
44 -> 33
45 -> 58
46 -> 111
47 -> 46
48 -> 13
49 -> 24
50 -> 66
51 -> 103
52 -> 55
53 -> 71
54 -> 90
55 -> 61
56 -> 40
57 -> 8
58 -> 17
59 -> 43
60 -> 10
61 -> 60
62 -> 107
63 -> 87
64 -> 83
65 -> 95
66 -> 116
67 -> 23
68 -> 29
69 -> 114
70 -> 64
71 -> 6
72 -> 54
73 -> 88
74 -> 1
75 -> 106
76 -> 99
77 -> 108
78 -> 92
79 -> 16
80 -> 70
81 -> 47
82 -> 77
83 -> 4
84 -> 52
85 -> 41
86 -> 15
87 -> 53
88 -> 65
89 -> 56
90 -> 67
91 -> 20
92 -> 109
93 -> 51
94 -> 79
95 -> 59
96 -> 57
97 -> 102
98 -> 80
99 -> 78
100 -> 69
101 -> 5
102 -> 73
103 -> 120
104 -> 81
105 -> 63
106 -> 27
107 -> 28
108 -> 9
109 -> 104
110 -> 12
111 -> 68
112 -> 31
113 -> 101
114 -> 32
115 -> 38
116 -> 7
117 -> 39
118 -> 36
119 -> 25
120 -> 118

Cycles:
(1 62 107 28 117 39 37 14 110 12 2 11 75 106 27 98 80 70 64 83 4 21 44 33 115 38 74)
(3 72 54 90 67 23 49 24 84 52 55 61 60 10 119 25 42 48 13 19 86 15 82 77 108 9 26 96 57 8 89 56 40 18 93 51 103 120 118 36 112 31 50 66 116 7 76 99 78 92 109 104 81 47 46 111 68 29 30 105 63 87 53 71 6 34 94 79 16 91 20 45 58 17 113 101 5 85 41)
(22 100 69 114 32 35)
(43 97 102 73 88 65 95 59)

Cycle à casser:
(22 100 69 114 32 35)

################
Résolution 6

Permutations:
1 -> 62
2 -> 11
3 -> 72
4 -> 21
5 -> 85
6 -> 34
7 -> 76
8 -> 89
9 -> 26
10 -> 119
11 -> 75
12 -> 2
13 -> 19
14 -> 110
15 -> 82
16 -> 91
17 -> 113
18 -> 93
19 -> 86
20 -> 45
21 -> 44
22 -> 100
23 -> 101
24 -> 84
25 -> 42
26 -> 96
27 -> 98
28 -> 117
29 -> 30
30 -> 105
31 -> 50
32 -> 35
33 -> 115
34 -> 94
35 -> 22
36 -> 112
37 -> 14
38 -> 74
39 -> 54
40 -> 106
41 -> 3
42 -> 48
43 -> 97
44 -> 33
45 -> 57
46 -> 111
47 -> 46
48 -> 13
49 -> 24
50 -> 81
51 -> 103
52 -> 55
53 -> 18
54 -> 108
55 -> 61
56 -> 40
57 -> 8
58 -> 90
59 -> 43
60 -> 10
61 -> 60
62 -> 107
63 -> 87
64 -> 83
65 -> 95
66 -> 116
67 -> 23
68 -> 38
69 -> 17
70 -> 64
71 -> 6
72 -> 66
73 -> 88
74 -> 1
75 -> 49
76 -> 99
77 -> 37
78 -> 92
79 -> 16
80 -> 70
81 -> 47
82 -> 77
83 -> 4
84 -> 52
85 -> 41
86 -> 15
87 -> 53
88 -> 65
89 -> 56
90 -> 67
91 -> 20
92 -> 109
93 -> 51
94 -> 79
95 -> 59
96 -> 29
97 -> 102
98 -> 80
99 -> 78
100 -> 69
101 -> 5
102 -> 73
103 -> 120
104 -> 71
105 -> 63
106 -> 27
107 -> 28
108 -> 9
109 -> 104
110 -> 12
111 -> 68
112 -> 31
113 -> 58
114 -> 32
115 -> 114
116 -> 7
117 -> 39
118 -> 36
119 -> 25
120 -> 118

Cycles:
(1 62 107 28 117 39 54 108 9 26 96 29 30 105 63 87 53 18 93 51 103 120 118 36 112 31 50 81 47 46 111 68 38 74)
(2 11 75 49 24 84 52 55 61 60 10 119 25 42 48 13 19 86 15 82 77 37 14 110 12)
(3 72 66 116 7 76 99 78 92 109 104 71 6 34 94 79 16 91 20 45 57 8 89 56 40 106 27 98 80 70 64 83 4 21 44 33 115 114 32 35 22 100 69 17 113 58 90 67 23 101 5 85 41)
(43 97 102 73 88 65 95 59)

Cycle à casser:
(43 97 102 73 88 65 95 59)

################
Résolution 7

Permutations:
1 -> 62
2 -> 11
3 -> 87
4 -> 21
5 -> 85
6 -> 34
7 -> 76
8 -> 89
9 -> 26
10 -> 119
11 -> 75
12 -> 2
13 -> 19
14 -> 110
15 -> 82
16 -> 91
17 -> 113
18 -> 93
19 -> 86
20 -> 45
21 -> 44
22 -> 100
23 -> 49
24 -> 84
25 -> 42
26 -> 96
27 -> 98
28 -> 117
29 -> 30
30 -> 105
31 -> 56
32 -> 35
33 -> 115
34 -> 94
35 -> 22
36 -> 112
37 -> 14
38 -> 74
39 -> 54
40 -> 50
41 -> 3
42 -> 48
43 -> 97
44 -> 33
45 -> 58
46 -> 111
47 -> 46
48 -> 13
49 -> 24
50 -> 81
51 -> 103
52 -> 55
53 -> 18
54 -> 108
55 -> 61
56 -> 40
57 -> 8
58 -> 90
59 -> 43
60 -> 10
61 -> 60
62 -> 107
63 -> 104
64 -> 83
65 -> 95
66 -> 116
67 -> 23
68 -> 38
69 -> 17
70 -> 64
71 -> 6
72 -> 66
73 -> 88
74 -> 1
75 -> 106
76 -> 99
77 -> 37
78 -> 102
79 -> 16
80 -> 70
81 -> 47
82 -> 77
83 -> 4
84 -> 52
85 -> 41
86 -> 15
87 -> 53
88 -> 36
89 -> 92
90 -> 67
91 -> 20
92 -> 109
93 -> 51
94 -> 79
95 -> 59
96 -> 29
97 -> 72
98 -> 80
99 -> 78
100 -> 69
101 -> 5
102 -> 73
103 -> 120
104 -> 71
105 -> 63
106 -> 27
107 -> 65
108 -> 9
109 -> 118
110 -> 12
111 -> 68
112 -> 31
113 -> 101
114 -> 32
115 -> 114
116 -> 7
117 -> 39
118 -> 28
119 -> 25
120 -> 57

Cycles:
(1 62 107 65 95 59 43 97 72 66 116 7 76 99 78 102 73 88 36 112 31 56 40 50 81 47 46 111 68 38 74)
(2 11 75 106 27 98 80 70 64 83 4 21 44 33 115 114 32 35 22 100 69 17 113 101 5 85 41 3 87 53 18 93 51 103 120 57 8 89 92 109 118 28 117 39 54 108 9 26 96 29 30 105 63 104 71 6 34 94 79 16 91 20 45 58 90 67 23 49 24 84 52 55 61 60 10 119 25 42 48 13 19 86 15 82 77 37 14 110 12)

Cycle à casser:
(1 62 107 65 95 59 43 97 72 66 116 7 76 99 78 102 73 88 36 112 31 56 40 50 81 47 46 111 68 38 74)

################
Résolution 8

Permutations:
1 -> 62
2 -> 11
3 -> 72
4 -> 21
5 -> 85
6 -> 34
7 -> 76
8 -> 89
9 -> 26
10 -> 119
11 -> 75
12 -> 2
13 -> 19
14 -> 110
15 -> 82
16 -> 91
17 -> 113
18 -> 38
19 -> 86
20 -> 45
21 -> 44
22 -> 100
23 -> 49
24 -> 84
25 -> 42
26 -> 96
27 -> 98
28 -> 117
29 -> 30
30 -> 105
31 -> 56
32 -> 35
33 -> 93
34 -> 94
35 -> 22
36 -> 112
37 -> 14
38 -> 74
39 -> 54
40 -> 50
41 -> 3
42 -> 48
43 -> 97
44 -> 33
45 -> 58
46 -> 111
47 -> 46
48 -> 13
49 -> 24
50 -> 81
51 -> 103
52 -> 55
53 -> 18
54 -> 108
55 -> 61
56 -> 40
57 -> 8
58 -> 90
59 -> 43
60 -> 10
61 -> 60
62 -> 107
63 -> 87
64 -> 83
65 -> 95
66 -> 116
67 -> 23
68 -> 29
69 -> 17
70 -> 64
71 -> 6
72 -> 66
73 -> 88
74 -> 1
75 -> 106
76 -> 99
77 -> 37
78 -> 92
79 -> 16
80 -> 70
81 -> 47
82 -> 77
83 -> 4
84 -> 52
85 -> 41
86 -> 15
87 -> 53
88 -> 115
89 -> 28
90 -> 67
91 -> 20
92 -> 109
93 -> 51
94 -> 79
95 -> 59
96 -> 57
97 -> 102
98 -> 80
99 -> 78
100 -> 69
101 -> 5
102 -> 73
103 -> 120
104 -> 71
105 -> 63
106 -> 27
107 -> 65
108 -> 9
109 -> 104
110 -> 12
111 -> 68
112 -> 31
113 -> 101
114 -> 32
115 -> 114
116 -> 7
117 -> 39
118 -> 36
119 -> 25
120 -> 118

Cycles:
(1 62 107 65 95 59 43 97 102 73 88 115 114 32 35 22 100 69 17 113 101 5 85 41 3 72 66 116 7 76 99 78 92 109 104 71 6 34 94 79 16 91 20 45 58 90 67 23 49 24 84 52 55 61 60 10 119 25 42 48 13 19 86 15 82 77 37 14 110 12 2 11 75 106 27 98 80 70 64 83 4 21 44 33 93 51 103 120 118 36 112 31 56 40 50 81 47 46 111 68 29 30 105 63 87 53 18 38 74)
(8 89 28 117 39 54 108 9 26 96 57)

Cycle à casser:
(8 89 28 117 39 54 108 9 26 96 57)

################
Résolution 9

Permutations:
1 -> 62
2 -> 11
3 -> 72
4 -> 21
5 -> 85
6 -> 34
7 -> 76
8 -> 89
9 -> 26
10 -> 119
11 -> 75
12 -> 2
13 -> 19
14 -> 110
15 -> 82
16 -> 91
17 -> 113
18 -> 93
19 -> 86
20 -> 48
21 -> 44
22 -> 100
23 -> 49
24 -> 84
25 -> 42
26 -> 96
27 -> 98
28 -> 117
29 -> 30
30 -> 105
31 -> 45
32 -> 35
33 -> 115
34 -> 94
35 -> 22
36 -> 112
37 -> 14
38 -> 74
39 -> 54
40 -> 50
41 -> 3
42 -> 114
43 -> 97
44 -> 33
45 -> 58
46 -> 111
47 -> 46
48 -> 13
49 -> 24
50 -> 81
51 -> 103
52 -> 55
53 -> 18
54 -> 108
55 -> 61
56 -> 40
57 -> 8
58 -> 90
59 -> 43
60 -> 10
61 -> 60
62 -> 107
63 -> 87
64 -> 83
65 -> 95
66 -> 116
67 -> 23
68 -> 29
69 -> 17
70 -> 64
71 -> 6
72 -> 66
73 -> 88
74 -> 1
75 -> 106
76 -> 99
77 -> 37
78 -> 92
79 -> 16
80 -> 70
81 -> 47
82 -> 77
83 -> 4
84 -> 52
85 -> 41
86 -> 15
87 -> 53
88 -> 36
89 -> 56
90 -> 67
91 -> 20
92 -> 109
93 -> 51
94 -> 79
95 -> 59
96 -> 57
97 -> 102
98 -> 80
99 -> 78
100 -> 69
101 -> 5
102 -> 73
103 -> 120
104 -> 71
105 -> 63
106 -> 27
107 -> 65
108 -> 9
109 -> 104
110 -> 12
111 -> 68
112 -> 31
113 -> 101
114 -> 32
115 -> 38
116 -> 7
117 -> 39
118 -> 28
119 -> 25
120 -> 118

Cycles:
(1 62 107 65 95 59 43 97 102 73 88 36 112 31 45 58 90 67 23 49 24 84 52 55 61 60 10 119 25 42 114 32 35 22 100 69 17 113 101 5 85 41 3 72 66 116 7 76 99 78 92 109 104 71 6 34 94 79 16 91 20 48 13 19 86 15 82 77 37 14 110 12 2 11 75 106 27 98 80 70 64 83 4 21 44 33 115 38 74)
(8 89 56 40 50 81 47 46 111 68 29 30 105 63 87 53 18 93 51 103 120 118 28 117 39 54 108 9 26 96 57)

Cycle à casser:
(8 89 56 40 50 81 47 46 111 68 29 30 105 63 87 53 18 93 51 103 120 118 28 117 39 54 108 9 26 96 57)

################
Résolution 10

Permutations:
1 -> 62
2 -> 11
3 -> 72
4 -> 21
5 -> 85
6 -> 34
7 -> 76
8 -> 89
9 -> 26
10 -> 119
11 -> 75
12 -> 2
13 -> 19
14 -> 110
15 -> 82
16 -> 91
17 -> 113
18 -> 93
19 -> 86
20 -> 45
21 -> 44
22 -> 100
23 -> 49
24 -> 84
25 -> 42
26 -> 96
27 -> 98
28 -> 117
29 -> 30
30 -> 105
31 -> 56
32 -> 35
33 -> 115
34 -> 94
35 -> 22
36 -> 112
37 -> 14
38 -> 74
39 -> 54
40 -> 50
41 -> 3
42 -> 48
43 -> 97
44 -> 33
45 -> 57
46 -> 111
47 -> 46
48 -> 13
49 -> 24
50 -> 81
51 -> 103
52 -> 55
53 -> 18
54 -> 108
55 -> 61
56 -> 40
57 -> 8
58 -> 90
59 -> 43
60 -> 10
61 -> 60
62 -> 107
63 -> 87
64 -> 83
65 -> 95
66 -> 116
67 -> 23
68 -> 38
69 -> 17
70 -> 64
71 -> 6
72 -> 66
73 -> 88
74 -> 1
75 -> 106
76 -> 99
77 -> 37
78 -> 92
79 -> 16
80 -> 70
81 -> 47
82 -> 77
83 -> 4
84 -> 52
85 -> 41
86 -> 15
87 -> 53
88 -> 101
89 -> 28
90 -> 67
91 -> 20
92 -> 109
93 -> 51
94 -> 79
95 -> 59
96 -> 29
97 -> 102
98 -> 80
99 -> 78
100 -> 69
101 -> 5
102 -> 73
103 -> 120
104 -> 71
105 -> 63
106 -> 27
107 -> 65
108 -> 9
109 -> 104
110 -> 12
111 -> 68
112 -> 31
113 -> 58
114 -> 32
115 -> 114
116 -> 7
117 -> 39
118 -> 36
119 -> 25
120 -> 118

Cycles:
(1 62 107 65 95 59 43 97 102 73 88 101 5 85 41 3 72 66 116 7 76 99 78 92 109 104 71 6 34 94 79 16 91 20 45 57 8 89 28 117 39 54 108 9 26 96 29 30 105 63 87 53 18 93 51 103 120 118 36 112 31 56 40 50 81 47 46 111 68 38 74)
(2 11 75 106 27 98 80 70 64 83 4 21 44 33 115 114 32 35 22 100 69 17 113 58 90 67 23 49 24 84 52 55 61 60 10 119 25 42 48 13 19 86 15 82 77 37 14 110 12)

Cycle à casser:
(2 11 75 106 27 98 80 70 64 83 4 21 44 33 115 114 32 35 22 100 69 17 113 58 90 67 23 49 24 84 52 55 61 60 10 119 25 42 48 13 19 86 15 82 77 37 14 110 12)

################
Résolution 11

Permutations:
1 -> 62
2 -> 11
3 -> 87
4 -> 21
5 -> 85
6 -> 34
7 -> 76
8 -> 89
9 -> 26
10 -> 119
11 -> 75
12 -> 2
13 -> 19
14 -> 110
15 -> 82
16 -> 91
17 -> 113
18 -> 93
19 -> 86
20 -> 45
21 -> 44
22 -> 100
23 -> 49
24 -> 84
25 -> 42
26 -> 96
27 -> 98
28 -> 117
29 -> 30
30 -> 105
31 -> 56
32 -> 35
33 -> 115
34 -> 94
35 -> 22
36 -> 112
37 -> 14
38 -> 74
39 -> 54
40 -> 50
41 -> 3
42 -> 48
43 -> 97
44 -> 33
45 -> 58
46 -> 111
47 -> 46
48 -> 13
49 -> 24
50 -> 81
51 -> 103
52 -> 55
53 -> 18
54 -> 102
55 -> 61
56 -> 40
57 -> 8
58 -> 90
59 -> 43
60 -> 10
61 -> 60
62 -> 107
63 -> 104
64 -> 83
65 -> 95
66 -> 116
67 -> 23
68 -> 38
69 -> 17
70 -> 64
71 -> 6
72 -> 66
73 -> 88
74 -> 1
75 -> 106
76 -> 99
77 -> 37
78 -> 92
79 -> 16
80 -> 70
81 -> 47
82 -> 77
83 -> 4
84 -> 52
85 -> 41
86 -> 15
87 -> 53
88 -> 36
89 -> 28
90 -> 67
91 -> 20
92 -> 109
93 -> 51
94 -> 79
95 -> 59
96 -> 29
97 -> 72
98 -> 80
99 -> 78
100 -> 69
101 -> 5
102 -> 73
103 -> 120
104 -> 71
105 -> 63
106 -> 27
107 -> 65
108 -> 9
109 -> 118
110 -> 12
111 -> 68
112 -> 31
113 -> 101
114 -> 32
115 -> 114
116 -> 7
117 -> 39
118 -> 108
119 -> 25
120 -> 57

Cycles:
(1 62 107 65 95 59 43 97 72 66 116 7 76 99 78 92 109 118 108 9 26 96 29 30 105 63 104 71 6 34 94 79 16 91 20 45 58 90 67 23 49 24 84 52 55 61 60 10 119 25 42 48 13 19 86 15 82 77 37 14 110 12 2 11 75 106 27 98 80 70 64 83 4 21 44 33 115 114 32 35 22 100 69 17 113 101 5 85 41 3 87 53 18 93 51 103 120 57 8 89 28 117 39 54 102 73 88 36 112 31 56 40 50 81 47 46 111 68 38 74)

z = 103

Résultat :
-----------
Temps (secondes) : 3.984
Nombre d'appels à GPLK : 11
Nombre d'appels à realloc (/3) : 1
Nombre de contraintes ajoutées : 250
Writing problem data to './relief/relief120.dat.lp'...
36031 lines were written
