################
Résolution 1

Permutations:
1 -> 19
2 -> 65
3 -> 80
4 -> 72
5 -> 62
6 -> 44
7 -> 85
8 -> 22
9 -> 84
10 -> 126
11 -> 68
12 -> 32
13 -> 95
14 -> 39
15 -> 12
16 -> 111
17 -> 29
18 -> 11
19 -> 42
20 -> 37
21 -> 113
22 -> 118
23 -> 134
24 -> 119
25 -> 98
26 -> 133
27 -> 110
28 -> 92
29 -> 116
30 -> 124
31 -> 138
32 -> 30
33 -> 46
34 -> 83
35 -> 108
36 -> 73
37 -> 55
38 -> 21
39 -> 79
40 -> 61
41 -> 122
42 -> 17
43 -> 15
44 -> 25
45 -> 54
46 -> 74
47 -> 34
48 -> 123
49 -> 2
50 -> 107
51 -> 24
52 -> 75
53 -> 93
54 -> 139
55 -> 64
56 -> 38
57 -> 97
58 -> 4
59 -> 35
60 -> 112
61 -> 26
62 -> 82
63 -> 109
64 -> 114
65 -> 13
66 -> 106
67 -> 130
68 -> 6
69 -> 77
70 -> 45
71 -> 94
72 -> 8
73 -> 52
74 -> 88
75 -> 103
76 -> 90
77 -> 67
78 -> 115
79 -> 27
80 -> 78
81 -> 20
82 -> 101
83 -> 5
84 -> 128
85 -> 63
86 -> 1
87 -> 40
88 -> 70
89 -> 28
90 -> 135
91 -> 136
92 -> 102
93 -> 105
94 -> 56
95 -> 66
96 -> 16
97 -> 57
98 -> 129
99 -> 81
100 -> 76
101 -> 7
102 -> 137
103 -> 51
104 -> 58
105 -> 131
106 -> 127
107 -> 3
108 -> 23
109 -> 43
110 -> 59
111 -> 33
112 -> 18
113 -> 117
114 -> 49
115 -> 60
116 -> 53
117 -> 96
118 -> 36
119 -> 9
120 -> 69
121 -> 71
122 -> 121
123 -> 86
124 -> 87
125 -> 91
126 -> 31
127 -> 14
128 -> 10
129 -> 41
130 -> 47
131 -> 132
132 -> 99
133 -> 125
134 -> 48
135 -> 120
136 -> 100
137 -> 140
138 -> 50
139 -> 104
140 -> 89

Cycles:
(1 19 42 17 29 116 53 93 105 131 132 99 81 20 37 55 64 114 49 2 65 13 95 66 106 127 14 39 79 27 110 59 35 108 23 134 48 123 86)
(3 80 78 115 60 112 18 11 68 6 44 25 98 129 41 122 121 71 94 56 38 21 113 117 96 16 111 33 46 74 88 70 45 54 139 104 58 4 72 8 22 118 36 73 52 75 103 51 24 119 9 84 128 10 126 31 138 50 107)
(5 62 82 101 7 85 63 109 43 15 12 32 30 124 87 40 61 26 133 125 91 136 100 76 90 135 120 69 77 67 130 47 34 83)
(28 92 102 137 140 89)
(57 97)

Cycle à casser:
(57 97)

################
Résolution 2

Permutations:
1 -> 19
2 -> 124
3 -> 80
4 -> 72
5 -> 62
6 -> 44
7 -> 85
8 -> 22
9 -> 84
10 -> 105
11 -> 68
12 -> 32
13 -> 95
14 -> 39
15 -> 27
16 -> 123
17 -> 29
18 -> 11
19 -> 42
20 -> 136
21 -> 113
22 -> 118
23 -> 134
24 -> 119
25 -> 83
26 -> 77
27 -> 110
28 -> 92
29 -> 116
30 -> 126
31 -> 138
32 -> 30
33 -> 46
34 -> 65
35 -> 108
36 -> 73
37 -> 55
38 -> 21
39 -> 79
40 -> 61
41 -> 122
42 -> 133
43 -> 15
44 -> 25
45 -> 54
46 -> 74
47 -> 12
48 -> 49
49 -> 69
50 -> 107
51 -> 24
52 -> 75
53 -> 93
54 -> 139
55 -> 64
56 -> 38
57 -> 98
58 -> 4
59 -> 35
60 -> 112
61 -> 26
62 -> 82
63 -> 109
64 -> 114
65 -> 13
66 -> 106
67 -> 130
68 -> 6
69 -> 28
70 -> 45
71 -> 94
72 -> 8
73 -> 52
74 -> 88
75 -> 103
76 -> 53
77 -> 67
78 -> 115
79 -> 3
80 -> 78
81 -> 20
82 -> 101
83 -> 5
84 -> 128
85 -> 63
86 -> 2
87 -> 40
88 -> 70
89 -> 1
90 -> 135
91 -> 66
92 -> 102
93 -> 47
94 -> 56
95 -> 34
96 -> 16
97 -> 57
98 -> 129
99 -> 81
100 -> 76
101 -> 7
102 -> 137
103 -> 51
104 -> 58
105 -> 131
106 -> 127
107 -> 17
108 -> 23
109 -> 43
110 -> 59
111 -> 33
112 -> 18
113 -> 117
114 -> 100
115 -> 60
116 -> 37
117 -> 96
118 -> 36
119 -> 9
120 -> 97
121 -> 71
122 -> 121
123 -> 86
124 -> 87
125 -> 91
126 -> 31
127 -> 14
128 -> 10
129 -> 41
130 -> 90
131 -> 132
132 -> 99
133 -> 125
134 -> 48
135 -> 120
136 -> 111
137 -> 140
138 -> 50
139 -> 104
140 -> 89

Cycles:
(1 19 42 133 125 91 66 106 127 14 39 79 3 80 78 115 60 112 18 11 68 6 44 25 83 5 62 82 101 7 85 63 109 43 15 27 110 59 35 108 23 134 48 49 69 28 92 102 137 140 89)
(2 124 87 40 61 26 77 67 130 90 135 120 97 57 98 129 41 122 121 71 94 56 38 21 113 117 96 16 123 86)
(4 72 8 22 118 36 73 52 75 103 51 24 119 9 84 128 10 105 131 132 99 81 20 136 111 33 46 74 88 70 45 54 139 104 58)
(12 32 30 126 31 138 50 107 17 29 116 37 55 64 114 100 76 53 93 47)
(13 95 34 65)

Cycle à casser:
(13 95 34 65)

################
Résolution 3

Permutations:
1 -> 19
2 -> 124
3 -> 80
4 -> 2
5 -> 62
6 -> 44
7 -> 85
8 -> 72
9 -> 84
10 -> 105
11 -> 68
12 -> 32
13 -> 49
14 -> 139
15 -> 12
16 -> 123
17 -> 29
18 -> 11
19 -> 42
20 -> 37
21 -> 113
22 -> 118
23 -> 134
24 -> 94
25 -> 83
26 -> 133
27 -> 110
28 -> 92
29 -> 116
30 -> 126
31 -> 138
32 -> 30
33 -> 46
34 -> 65
35 -> 108
36 -> 73
37 -> 55
38 -> 21
39 -> 79
40 -> 61
41 -> 122
42 -> 17
43 -> 15
44 -> 25
45 -> 54
46 -> 74
47 -> 18
48 -> 56
49 -> 69
50 -> 107
51 -> 45
52 -> 86
53 -> 93
54 -> 91
55 -> 64
56 -> 38
57 -> 98
58 -> 4
59 -> 35
60 -> 58
61 -> 26
62 -> 82
63 -> 109
64 -> 114
65 -> 13
66 -> 106
67 -> 130
68 -> 6
69 -> 77
70 -> 121
71 -> 112
72 -> 8
73 -> 52
74 -> 88
75 -> 103
76 -> 95
77 -> 67
78 -> 115
79 -> 27
80 -> 20
81 -> 36
82 -> 101
83 -> 5
84 -> 128
85 -> 63
86 -> 1
87 -> 40
88 -> 34
89 -> 28
90 -> 135
91 -> 136
92 -> 102
93 -> 47
94 -> 75
95 -> 66
96 -> 16
97 -> 57
98 -> 129
99 -> 81
100 -> 76
101 -> 119
102 -> 137
103 -> 51
104 -> 70
105 -> 131
106 -> 127
107 -> 3
108 -> 23
109 -> 43
110 -> 59
111 -> 33
112 -> 78
113 -> 117
114 -> 100
115 -> 60
116 -> 53
117 -> 96
118 -> 22
119 -> 9
120 -> 97
121 -> 71
122 -> 7
123 -> 39
124 -> 87
125 -> 89
126 -> 31
127 -> 14
128 -> 10
129 -> 41
130 -> 90
131 -> 132
132 -> 99
133 -> 125
134 -> 48
135 -> 120
136 -> 111
137 -> 140
138 -> 50
139 -> 104
140 -> 24

Cycles:
(1 19 42 17 29 116 53 93 47 18 11 68 6 44 25 83 5 62 82 101 119 9 84 128 10 105 131 132 99 81 36 73 52 86)
(2 124 87 40 61 26 133 125 89 28 92 102 137 140 24 94 75 103 51 45 54 91 136 111 33 46 74 88 34 65 13 49 69 77 67 130 90 135 120 97 57 98 129 41 122 7 85 63 109 43 15 12 32 30 126 31 138 50 107 3 80 20 37 55 64 114 100 76 95 66 106 127 14 139 104 70 121 71 112 78 115 60 58 4)
(8 72)
(16 123 39 79 27 110 59 35 108 23 134 48 56 38 21 113 117 96)
(22 118)

Cycle à casser:
(8 72)

################
Résolution 4

Permutations:
1 -> 19
2 -> 124
3 -> 80
4 -> 72
5 -> 62
6 -> 44
7 -> 85
8 -> 108
9 -> 84
10 -> 105
11 -> 68
12 -> 32
13 -> 49
14 -> 39
15 -> 12
16 -> 99
17 -> 29
18 -> 11
19 -> 42
20 -> 37
21 -> 113
22 -> 118
23 -> 134
24 -> 119
25 -> 83
26 -> 133
27 -> 110
28 -> 69
29 -> 116
30 -> 126
31 -> 138
32 -> 30
33 -> 46
34 -> 65
35 -> 140
36 -> 73
37 -> 55
38 -> 111
39 -> 79
40 -> 61
41 -> 122
42 -> 17
43 -> 15
44 -> 25
45 -> 54
46 -> 74
47 -> 18
48 -> 123
49 -> 2
50 -> 107
51 -> 24
52 -> 75
53 -> 93
54 -> 139
55 -> 64
56 -> 38
57 -> 98
58 -> 4
59 -> 35
60 -> 112
61 -> 26
62 -> 82
63 -> 109
64 -> 114
65 -> 13
66 -> 106
67 -> 130
68 -> 6
69 -> 77
70 -> 45
71 -> 94
72 -> 8
73 -> 52
74 -> 88
75 -> 103
76 -> 95
77 -> 67
78 -> 115
79 -> 27
80 -> 20
81 -> 36
82 -> 101
83 -> 5
84 -> 128
85 -> 63
86 -> 1
87 -> 40
88 -> 70
89 -> 28
90 -> 135
91 -> 66
92 -> 102
93 -> 47
94 -> 56
95 -> 34
96 -> 16
97 -> 57
98 -> 129
99 -> 81
100 -> 76
101 -> 7
102 -> 137
103 -> 51
104 -> 58
105 -> 131
106 -> 127
107 -> 3
108 -> 23
109 -> 43
110 -> 59
111 -> 33
112 -> 78
113 -> 117
114 -> 92
115 -> 60
116 -> 53
117 -> 96
118 -> 22
119 -> 9
120 -> 97
121 -> 71
122 -> 121
123 -> 86
124 -> 87
125 -> 91
126 -> 31
127 -> 14
128 -> 10
129 -> 41
130 -> 90
131 -> 132
132 -> 136
133 -> 125
134 -> 48
135 -> 120
136 -> 100
137 -> 21
138 -> 50
139 -> 104
140 -> 89

Cycles:
(1 19 42 17 29 116 53 93 47 18 11 68 6 44 25 83 5 62 82 101 7 85 63 109 43 15 12 32 30 126 31 138 50 107 3 80 20 37 55 64 114 92 102 137 21 113 117 96 16 99 81 36 73 52 75 103 51 24 119 9 84 128 10 105 131 132 136 100 76 95 34 65 13 49 2 124 87 40 61 26 133 125 91 66 106 127 14 39 79 27 110 59 35 140 89 28 69 77 67 130 90 135 120 97 57 98 129 41 122 121 71 94 56 38 111 33 46 74 88 70 45 54 139 104 58 4 72 8 108 23 134 48 123 86)
(22 118)
(60 112 78 115)

Cycle à casser:
(22 118)

################
Résolution 5

Permutations:
1 -> 19
2 -> 124
3 -> 80
4 -> 72
5 -> 28
6 -> 44
7 -> 85
8 -> 22
9 -> 84
10 -> 105
11 -> 68
12 -> 32
13 -> 95
14 -> 39
15 -> 12
16 -> 123
17 -> 29
18 -> 11
19 -> 42
20 -> 37
21 -> 113
22 -> 118
23 -> 134
24 -> 119
25 -> 83
26 -> 133
27 -> 110
28 -> 92
29 -> 116
30 -> 126
31 -> 33
32 -> 30
33 -> 46
34 -> 65
35 -> 108
36 -> 73
37 -> 55
38 -> 21
39 -> 79
40 -> 61
41 -> 122
42 -> 17
43 -> 15
44 -> 25
45 -> 54
46 -> 74
47 -> 34
48 -> 49
49 -> 69
50 -> 107
51 -> 24
52 -> 75
53 -> 93
54 -> 139
55 -> 64
56 -> 38
57 -> 98
58 -> 4
59 -> 35
60 -> 112
61 -> 26
62 -> 82
63 -> 109
64 -> 114
65 -> 13
66 -> 106
67 -> 130
68 -> 6
69 -> 77
70 -> 45
71 -> 94
72 -> 8
73 -> 52
74 -> 88
75 -> 138
76 -> 90
77 -> 67
78 -> 115
79 -> 27
80 -> 78
81 -> 20
82 -> 101
83 -> 5
84 -> 128
85 -> 63
86 -> 2
87 -> 40
88 -> 70
89 -> 1
90 -> 135
91 -> 136
92 -> 102
93 -> 103
94 -> 56
95 -> 66
96 -> 16
97 -> 57
98 -> 129
99 -> 81
100 -> 76
101 -> 7
102 -> 137
103 -> 51
104 -> 58
105 -> 131
106 -> 127
107 -> 3
108 -> 23
109 -> 43
110 -> 59
111 -> 50
112 -> 18
113 -> 117
114 -> 100
115 -> 60
116 -> 53
117 -> 96
118 -> 36
119 -> 9
120 -> 97
121 -> 71
122 -> 121
123 -> 86
124 -> 87
125 -> 91
126 -> 31
127 -> 14
128 -> 10
129 -> 41
130 -> 47
131 -> 132
132 -> 99
133 -> 125
134 -> 48
135 -> 120
136 -> 111
137 -> 140
138 -> 62
139 -> 104
140 -> 89

Cycles:
(1 19 42 17 29 116 53 93 103 51 24 119 9 84 128 10 105 131 132 99 81 20 37 55 64 114 100 76 90 135 120 97 57 98 129 41 122 121 71 94 56 38 21 113 117 96 16 123 86 2 124 87 40 61 26 133 125 91 136 111 50 107 3 80 78 115 60 112 18 11 68 6 44 25 83 5 28 92 102 137 140 89)
(4 72 8 22 118 36 73 52 75 138 62 82 101 7 85 63 109 43 15 12 32 30 126 31 33 46 74 88 70 45 54 139 104 58)
(13 95 66 106 127 14 39 79 27 110 59 35 108 23 134 48 49 69 77 67 130 47 34 65)

Cycle à casser:
(13 95 66 106 127 14 39 79 27 110 59 35 108 23 134 48 49 69 77 67 130 47 34 65)

################
Résolution 6

Permutations:
1 -> 19
2 -> 124
3 -> 80
4 -> 72
5 -> 62
6 -> 1
7 -> 85
8 -> 122
9 -> 84
10 -> 105
11 -> 68
12 -> 32
13 -> 95
14 -> 39
15 -> 12
16 -> 123
17 -> 29
18 -> 11
19 -> 42
20 -> 37
21 -> 113
22 -> 74
23 -> 134
24 -> 94
25 -> 83
26 -> 133
27 -> 110
28 -> 92
29 -> 116
30 -> 126
31 -> 33
32 -> 30
33 -> 46
34 -> 65
35 -> 108
36 -> 73
37 -> 55
38 -> 21
39 -> 79
40 -> 61
41 -> 44
42 -> 17
43 -> 15
44 -> 25
45 -> 54
46 -> 36
47 -> 18
48 -> 49
49 -> 69
50 -> 107
51 -> 45
52 -> 75
53 -> 93
54 -> 139
55 -> 64
56 -> 38
57 -> 98
58 -> 4
59 -> 35
60 -> 58
61 -> 26
62 -> 82
63 -> 109
64 -> 102
65 -> 13
66 -> 106
67 -> 130
68 -> 6
69 -> 77
70 -> 121
71 -> 112
72 -> 8
73 -> 118
74 -> 88
75 -> 138
76 -> 90
77 -> 67
78 -> 115
79 -> 27
80 -> 114
81 -> 20
82 -> 101
83 -> 5
84 -> 128
85 -> 63
86 -> 2
87 -> 40
88 -> 34
89 -> 28
90 -> 135
91 -> 136
92 -> 89
93 -> 103
94 -> 56
95 -> 66
96 -> 52
97 -> 57
98 -> 129
99 -> 81
100 -> 76
101 -> 119
102 -> 137
103 -> 51
104 -> 70
105 -> 131
106 -> 127
107 -> 3
108 -> 23
109 -> 43
110 -> 59
111 -> 50
112 -> 78
113 -> 117
114 -> 100
115 -> 60
116 -> 53
117 -> 96
118 -> 22
119 -> 9
120 -> 97
121 -> 71
122 -> 7
123 -> 86
124 -> 87
125 -> 91
126 -> 31
127 -> 14
128 -> 10
129 -> 41
130 -> 47
131 -> 132
132 -> 99
133 -> 125
134 -> 48
135 -> 120
136 -> 111
137 -> 140
138 -> 16
139 -> 104
140 -> 24

Cycles:
(1 19 42 17 29 116 53 93 103 51 45 54 139 104 70 121 71 112 78 115 60 58 4 72 8 122 7 85 63 109 43 15 12 32 30 126 31 33 46 36 73 118 22 74 88 34 65 13 95 66 106 127 14 39 79 27 110 59 35 108 23 134 48 49 69 77 67 130 47 18 11 68 6)
(2 124 87 40 61 26 133 125 91 136 111 50 107 3 80 114 100 76 90 135 120 97 57 98 129 41 44 25 83 5 62 82 101 119 9 84 128 10 105 131 132 99 81 20 37 55 64 102 137 140 24 94 56 38 21 113 117 96 52 75 138 16 123 86)
(28 92 89)

Cycle à casser:
(28 92 89)

################
Résolution 7

Permutations:
1 -> 19
2 -> 124
3 -> 80
4 -> 72
5 -> 62
6 -> 1
7 -> 85
8 -> 122
9 -> 84
10 -> 105
11 -> 86
12 -> 32
13 -> 95
14 -> 139
15 -> 12
16 -> 123
17 -> 29
18 -> 11
19 -> 42
20 -> 37
21 -> 113
22 -> 74
23 -> 134
24 -> 119
25 -> 83
26 -> 133
27 -> 110
28 -> 92
29 -> 116
30 -> 126
31 -> 33
32 -> 30
33 -> 46
34 -> 65
35 -> 108
36 -> 73
37 -> 55
38 -> 21
39 -> 79
40 -> 61
41 -> 44
42 -> 17
43 -> 15
44 -> 25
45 -> 54
46 -> 36
47 -> 34
48 -> 49
49 -> 69
50 -> 107
51 -> 45
52 -> 75
53 -> 93
54 -> 91
55 -> 64
56 -> 38
57 -> 98
58 -> 4
59 -> 35
60 -> 112
61 -> 26
62 -> 82
63 -> 109
64 -> 114
65 -> 13
66 -> 106
67 -> 130
68 -> 6
69 -> 77
70 -> 121
71 -> 94
72 -> 8
73 -> 118
74 -> 88
75 -> 138
76 -> 90
77 -> 67
78 -> 115
79 -> 27
80 -> 78
81 -> 20
82 -> 101
83 -> 5
84 -> 128
85 -> 63
86 -> 2
87 -> 40
88 -> 70
89 -> 28
90 -> 135
91 -> 136
92 -> 102
93 -> 103
94 -> 56
95 -> 66
96 -> 52
97 -> 57
98 -> 129
99 -> 81
100 -> 76
101 -> 68
102 -> 137
103 -> 51
104 -> 58
105 -> 131
106 -> 127
107 -> 3
108 -> 23
109 -> 43
110 -> 59
111 -> 50
112 -> 18
113 -> 117
114 -> 100
115 -> 60
116 -> 53
117 -> 96
118 -> 22
119 -> 9
120 -> 97
121 -> 71
122 -> 7
123 -> 39
124 -> 87
125 -> 89
126 -> 31
127 -> 14
128 -> 10
129 -> 41
130 -> 47
131 -> 132
132 -> 99
133 -> 125
134 -> 48
135 -> 120
136 -> 111
137 -> 140
138 -> 16
139 -> 104
140 -> 24

Cycles:
(1 19 42 17 29 116 53 93 103 51 45 54 91 136 111 50 107 3 80 78 115 60 112 18 11 86 2 124 87 40 61 26 133 125 89 28 92 102 137 140 24 119 9 84 128 10 105 131 132 99 81 20 37 55 64 114 100 76 90 135 120 97 57 98 129 41 44 25 83 5 62 82 101 68 6)
(4 72 8 122 7 85 63 109 43 15 12 32 30 126 31 33 46 36 73 118 22 74 88 70 121 71 94 56 38 21 113 117 96 52 75 138 16 123 39 79 27 110 59 35 108 23 134 48 49 69 77 67 130 47 34 65 13 95 66 106 127 14 139 104 58)

Cycle à casser:
(4 72 8 122 7 85 63 109 43 15 12 32 30 126 31 33 46 36 73 118 22 74 88 70 121 71 94 56 38 21 113 117 96 52 75 138 16 123 39 79 27 110 59 35 108 23 134 48 49 69 77 67 130 47 34 65 13 95 66 106 127 14 139 104 58)

################
Résolution 8

Permutations:
1 -> 19
2 -> 124
3 -> 80
4 -> 72
5 -> 62
6 -> 1
7 -> 85
8 -> 122
9 -> 84
10 -> 105
11 -> 86
12 -> 32
13 -> 95
14 -> 139
15 -> 12
16 -> 123
17 -> 29
18 -> 11
19 -> 42
20 -> 37
21 -> 113
22 -> 74
23 -> 134
24 -> 119
25 -> 83
26 -> 133
27 -> 110
28 -> 92
29 -> 116
30 -> 126
31 -> 33
32 -> 30
33 -> 46
34 -> 65
35 -> 108
36 -> 73
37 -> 55
38 -> 21
39 -> 79
40 -> 61
41 -> 44
42 -> 17
43 -> 15
44 -> 25
45 -> 54
46 -> 36
47 -> 34
48 -> 49
49 -> 69
50 -> 107
51 -> 45
52 -> 75
53 -> 93
54 -> 91
55 -> 64
56 -> 38
57 -> 98
58 -> 4
59 -> 35
60 -> 58
61 -> 26
62 -> 82
63 -> 109
64 -> 114
65 -> 13
66 -> 106
67 -> 130
68 -> 6
69 -> 77
70 -> 121
71 -> 94
72 -> 8
73 -> 118
74 -> 88
75 -> 138
76 -> 90
77 -> 67
78 -> 115
79 -> 27
80 -> 78
81 -> 20
82 -> 101
83 -> 5
84 -> 128
85 -> 63
86 -> 2
87 -> 40
88 -> 112
89 -> 28
90 -> 135
91 -> 136
92 -> 102
93 -> 103
94 -> 56
95 -> 66
96 -> 52
97 -> 57
98 -> 129
99 -> 81
100 -> 76
101 -> 68
102 -> 137
103 -> 51
104 -> 70
105 -> 131
106 -> 127
107 -> 3
108 -> 23
109 -> 43
110 -> 59
111 -> 50
112 -> 18
113 -> 117
114 -> 100
115 -> 60
116 -> 53
117 -> 96
118 -> 22
119 -> 9
120 -> 97
121 -> 71
122 -> 7
123 -> 39
124 -> 87
125 -> 89
126 -> 31
127 -> 14
128 -> 10
129 -> 41
130 -> 47
131 -> 132
132 -> 99
133 -> 125
134 -> 48
135 -> 120
136 -> 111
137 -> 140
138 -> 16
139 -> 104
140 -> 24

Cycles:
(1 19 42 17 29 116 53 93 103 51 45 54 91 136 111 50 107 3 80 78 115 60 58 4 72 8 122 7 85 63 109 43 15 12 32 30 126 31 33 46 36 73 118 22 74 88 112 18 11 86 2 124 87 40 61 26 133 125 89 28 92 102 137 140 24 119 9 84 128 10 105 131 132 99 81 20 37 55 64 114 100 76 90 135 120 97 57 98 129 41 44 25 83 5 62 82 101 68 6)
(13 95 66 106 127 14 139 104 70 121 71 94 56 38 21 113 117 96 52 75 138 16 123 39 79 27 110 59 35 108 23 134 48 49 69 77 67 130 47 34 65)

Cycle à casser:
(13 95 66 106 127 14 139 104 70 121 71 94 56 38 21 113 117 96 52 75 138 16 123 39 79 27 110 59 35 108 23 134 48 49 69 77 67 130 47 34 65)

################
Résolution 9

Permutations:
1 -> 19
2 -> 124
3 -> 80
4 -> 72
5 -> 62
6 -> 1
7 -> 85
8 -> 22
9 -> 84
10 -> 105
11 -> 86
12 -> 122
13 -> 95
14 -> 139
15 -> 12
16 -> 123
17 -> 29
18 -> 32
19 -> 42
20 -> 37
21 -> 113
22 -> 118
23 -> 134
24 -> 119
25 -> 83
26 -> 133
27 -> 110
28 -> 92
29 -> 116
30 -> 126
31 -> 138
32 -> 30
33 -> 46
34 -> 65
35 -> 108
36 -> 73
37 -> 55
38 -> 21
39 -> 79
40 -> 61
41 -> 44
42 -> 17
43 -> 15
44 -> 25
45 -> 54
46 -> 74
47 -> 34
48 -> 49
49 -> 69
50 -> 107
51 -> 45
52 -> 75
53 -> 93
54 -> 91
55 -> 64
56 -> 38
57 -> 98
58 -> 4
59 -> 35
60 -> 112
61 -> 26
62 -> 82
63 -> 109
64 -> 114
65 -> 13
66 -> 106
67 -> 130
68 -> 6
69 -> 77
70 -> 121
71 -> 94
72 -> 8
73 -> 52
74 -> 88
75 -> 11
76 -> 90
77 -> 67
78 -> 115
79 -> 27
80 -> 78
81 -> 20
82 -> 101
83 -> 5
84 -> 128
85 -> 63
86 -> 2
87 -> 40
88 -> 70
89 -> 28
90 -> 135
91 -> 136
92 -> 102
93 -> 103
94 -> 56
95 -> 66
96 -> 16
97 -> 57
98 -> 129
99 -> 81
100 -> 76
101 -> 68
102 -> 137
103 -> 51
104 -> 58
105 -> 131
106 -> 127
107 -> 3
108 -> 23
109 -> 43
110 -> 59
111 -> 33
112 -> 18
113 -> 117
114 -> 100
115 -> 60
116 -> 53
117 -> 96
118 -> 36
119 -> 9
120 -> 97
121 -> 71
122 -> 7
123 -> 39
124 -> 87
125 -> 89
126 -> 31
127 -> 14
128 -> 10
129 -> 41
130 -> 47
131 -> 132
132 -> 99
133 -> 125
134 -> 48
135 -> 120
136 -> 111
137 -> 140
138 -> 50
139 -> 104
140 -> 24

Cycles:
(1 19 42 17 29 116 53 93 103 51 45 54 91 136 111 33 46 74 88 70 121 71 94 56 38 21 113 117 96 16 123 39 79 27 110 59 35 108 23 134 48 49 69 77 67 130 47 34 65 13 95 66 106 127 14 139 104 58 4 72 8 22 118 36 73 52 75 11 86 2 124 87 40 61 26 133 125 89 28 92 102 137 140 24 119 9 84 128 10 105 131 132 99 81 20 37 55 64 114 100 76 90 135 120 97 57 98 129 41 44 25 83 5 62 82 101 68 6)
(3 80 78 115 60 112 18 32 30 126 31 138 50 107)
(7 85 63 109 43 15 12 122)

Cycle à casser:
(7 85 63 109 43 15 12 122)

################
Résolution 10

Permutations:
1 -> 19
2 -> 124
3 -> 80
4 -> 72
5 -> 62
6 -> 1
7 -> 85
8 -> 22
9 -> 84
10 -> 105
11 -> 86
12 -> 32
13 -> 95
14 -> 139
15 -> 12
16 -> 123
17 -> 29
18 -> 11
19 -> 42
20 -> 37
21 -> 113
22 -> 118
23 -> 134
24 -> 119
25 -> 83
26 -> 133
27 -> 110
28 -> 92
29 -> 116
30 -> 126
31 -> 33
32 -> 30
33 -> 46
34 -> 65
35 -> 108
36 -> 73
37 -> 55
38 -> 21
39 -> 79
40 -> 61
41 -> 122
42 -> 17
43 -> 15
44 -> 25
45 -> 54
46 -> 74
47 -> 34
48 -> 49
49 -> 69
50 -> 107
51 -> 45
52 -> 75
53 -> 93
54 -> 91
55 -> 64
56 -> 38
57 -> 98
58 -> 4
59 -> 35
60 -> 112
61 -> 26
62 -> 82
63 -> 109
64 -> 114
65 -> 13
66 -> 106
67 -> 130
68 -> 6
69 -> 77
70 -> 121
71 -> 94
72 -> 8
73 -> 18
74 -> 88
75 -> 138
76 -> 90
77 -> 67
78 -> 115
79 -> 27
80 -> 20
81 -> 44
82 -> 101
83 -> 5
84 -> 128
85 -> 63
86 -> 2
87 -> 40
88 -> 70
89 -> 28
90 -> 135
91 -> 136
92 -> 102
93 -> 103
94 -> 56
95 -> 66
96 -> 52
97 -> 57
98 -> 129
99 -> 81
100 -> 76
101 -> 68
102 -> 137
103 -> 51
104 -> 58
105 -> 131
106 -> 127
107 -> 3
108 -> 23
109 -> 43
110 -> 59
111 -> 50
112 -> 78
113 -> 117
114 -> 100
115 -> 60
116 -> 53
117 -> 96
118 -> 36
119 -> 9
120 -> 97
121 -> 71
122 -> 7
123 -> 39
124 -> 87
125 -> 89
126 -> 31
127 -> 14
128 -> 10
129 -> 41
130 -> 47
131 -> 132
132 -> 99
133 -> 125
134 -> 48
135 -> 120
136 -> 111
137 -> 140
138 -> 16
139 -> 104
140 -> 24

Cycles:
(1 19 42 17 29 116 53 93 103 51 45 54 91 136 111 50 107 3 80 20 37 55 64 114 100 76 90 135 120 97 57 98 129 41 122 7 85 63 109 43 15 12 32 30 126 31 33 46 74 88 70 121 71 94 56 38 21 113 117 96 52 75 138 16 123 39 79 27 110 59 35 108 23 134 48 49 69 77 67 130 47 34 65 13 95 66 106 127 14 139 104 58 4 72 8 22 118 36 73 18 11 86 2 124 87 40 61 26 133 125 89 28 92 102 137 140 24 119 9 84 128 10 105 131 132 99 81 44 25 83 5 62 82 101 68 6)
(60 112 78 115)

Cycle à casser:
(60 112 78 115)

################
Résolution 11

Permutations:
1 -> 19
2 -> 124
3 -> 80
4 -> 72
5 -> 62
6 -> 1
7 -> 85
8 -> 122
9 -> 84
10 -> 105
11 -> 86
12 -> 32
13 -> 95
14 -> 139
15 -> 12
16 -> 111
17 -> 29
18 -> 11
19 -> 42
20 -> 37
21 -> 113
22 -> 74
23 -> 134
24 -> 119
25 -> 83
26 -> 133
27 -> 110
28 -> 92
29 -> 116
30 -> 126
31 -> 33
32 -> 30
33 -> 46
34 -> 65
35 -> 108
36 -> 73
37 -> 55
38 -> 21
39 -> 79
40 -> 61
41 -> 44
42 -> 17
43 -> 15
44 -> 25
45 -> 54
46 -> 36
47 -> 34
48 -> 123
49 -> 69
50 -> 107
51 -> 45
52 -> 75
53 -> 93
54 -> 91
55 -> 64
56 -> 38
57 -> 98
58 -> 4
59 -> 35
60 -> 112
61 -> 26
62 -> 82
63 -> 109
64 -> 114
65 -> 13
66 -> 106
67 -> 130
68 -> 6
69 -> 77
70 -> 121
71 -> 94
72 -> 8
73 -> 118
74 -> 88
75 -> 138
76 -> 90
77 -> 67
78 -> 115
79 -> 27
80 -> 78
81 -> 20
82 -> 101
83 -> 5
84 -> 128
85 -> 63
86 -> 2
87 -> 40
88 -> 70
89 -> 28
90 -> 135
91 -> 136
92 -> 102
93 -> 103
94 -> 56
95 -> 66
96 -> 52
97 -> 57
98 -> 129
99 -> 81
100 -> 76
101 -> 68
102 -> 137
103 -> 51
104 -> 58
105 -> 131
106 -> 127
107 -> 3
108 -> 23
109 -> 43
110 -> 59
111 -> 50
112 -> 18
113 -> 117
114 -> 49
115 -> 60
116 -> 53
117 -> 96
118 -> 22
119 -> 9
120 -> 97
121 -> 71
122 -> 7
123 -> 39
124 -> 87
125 -> 89
126 -> 31
127 -> 14
128 -> 10
129 -> 41
130 -> 47
131 -> 132
132 -> 99
133 -> 125
134 -> 48
135 -> 120
136 -> 100
137 -> 140
138 -> 16
139 -> 104
140 -> 24

Cycles:
(1 19 42 17 29 116 53 93 103 51 45 54 91 136 100 76 90 135 120 97 57 98 129 41 44 25 83 5 62 82 101 68 6)
(2 124 87 40 61 26 133 125 89 28 92 102 137 140 24 119 9 84 128 10 105 131 132 99 81 20 37 55 64 114 49 69 77 67 130 47 34 65 13 95 66 106 127 14 139 104 58 4 72 8 122 7 85 63 109 43 15 12 32 30 126 31 33 46 36 73 118 22 74 88 70 121 71 94 56 38 21 113 117 96 52 75 138 16 111 50 107 3 80 78 115 60 112 18 11 86)
(23 134 48 123 39 79 27 110 59 35 108)

Cycle à casser:
(23 134 48 123 39 79 27 110 59 35 108)

################
Résolution 12

Permutations:
1 -> 19
2 -> 124
3 -> 80
4 -> 72
5 -> 62
6 -> 1
7 -> 85
8 -> 22
9 -> 84
10 -> 105
11 -> 68
12 -> 122
13 -> 95
14 -> 39
15 -> 12
16 -> 31
17 -> 29
18 -> 32
19 -> 42
20 -> 37
21 -> 113
22 -> 118
23 -> 134
24 -> 119
25 -> 83
26 -> 133
27 -> 110
28 -> 92
29 -> 116
30 -> 126
31 -> 138
32 -> 30
33 -> 46
34 -> 65
35 -> 108
36 -> 73
37 -> 55
38 -> 21
39 -> 79
40 -> 61
41 -> 44
42 -> 17
43 -> 15
44 -> 25
45 -> 54
46 -> 74
47 -> 34
48 -> 123
49 -> 69
50 -> 107
51 -> 24
52 -> 75
53 -> 93
54 -> 139
55 -> 64
56 -> 38
57 -> 98
58 -> 4
59 -> 35
60 -> 112
61 -> 26
62 -> 82
63 -> 109
64 -> 114
65 -> 13
66 -> 106
67 -> 130
68 -> 6
69 -> 77
70 -> 45
71 -> 94
72 -> 8
73 -> 52
74 -> 88
75 -> 11
76 -> 90
77 -> 67
78 -> 115
79 -> 27
80 -> 78
81 -> 20
82 -> 101
83 -> 5
84 -> 128
85 -> 63
86 -> 2
87 -> 40
88 -> 70
89 -> 28
90 -> 135
91 -> 136
92 -> 102
93 -> 103
94 -> 56
95 -> 66
96 -> 16
97 -> 57
98 -> 129
99 -> 81
100 -> 76
101 -> 7
102 -> 137
103 -> 51
104 -> 58
105 -> 131
106 -> 127
107 -> 3
108 -> 23
109 -> 43
110 -> 59
111 -> 33
112 -> 18
113 -> 117
114 -> 100
115 -> 60
116 -> 53
117 -> 96
118 -> 36
119 -> 9
120 -> 97
121 -> 71
122 -> 121
123 -> 86
124 -> 87
125 -> 91
126 -> 49
127 -> 14
128 -> 10
129 -> 41
130 -> 47
131 -> 132
132 -> 99
133 -> 125
134 -> 48
135 -> 120
136 -> 111
137 -> 140
138 -> 50
139 -> 104
140 -> 89

Cycles:
(1 19 42 17 29 116 53 93 103 51 24 119 9 84 128 10 105 131 132 99 81 20 37 55 64 114 100 76 90 135 120 97 57 98 129 41 44 25 83 5 62 82 101 7 85 63 109 43 15 12 122 121 71 94 56 38 21 113 117 96 16 31 138 50 107 3 80 78 115 60 112 18 32 30 126 49 69 77 67 130 47 34 65 13 95 66 106 127 14 39 79 27 110 59 35 108 23 134 48 123 86 2 124 87 40 61 26 133 125 91 136 111 33 46 74 88 70 45 54 139 104 58 4 72 8 22 118 36 73 52 75 11 68 6)
(28 92 102 137 140 89)

Cycle à casser:
(28 92 102 137 140 89)

################
Résolution 13

Permutations:
1 -> 19
2 -> 124
3 -> 80
4 -> 72
5 -> 62
6 -> 44
7 -> 85
8 -> 22
9 -> 84
10 -> 105
11 -> 68
12 -> 32
13 -> 49
14 -> 39
15 -> 12
16 -> 92
17 -> 29
18 -> 11
19 -> 42
20 -> 37
21 -> 113
22 -> 118
23 -> 134
24 -> 119
25 -> 83
26 -> 133
27 -> 110
28 -> 69
29 -> 116
30 -> 126
31 -> 138
32 -> 30
33 -> 46
34 -> 65
35 -> 108
36 -> 73
37 -> 55
38 -> 21
39 -> 79
40 -> 61
41 -> 122
42 -> 17
43 -> 15
44 -> 25
45 -> 54
46 -> 74
47 -> 34
48 -> 123
49 -> 2
50 -> 107
51 -> 24
52 -> 75
53 -> 93
54 -> 139
55 -> 64
56 -> 38
57 -> 98
58 -> 4
59 -> 35
60 -> 112
61 -> 26
62 -> 82
63 -> 109
64 -> 114
65 -> 13
66 -> 106
67 -> 130
68 -> 6
69 -> 77
70 -> 45
71 -> 94
72 -> 8
73 -> 52
74 -> 88
75 -> 103
76 -> 95
77 -> 67
78 -> 115
79 -> 27
80 -> 78
81 -> 20
82 -> 101
83 -> 5
84 -> 128
85 -> 63
86 -> 1
87 -> 40
88 -> 70
89 -> 28
90 -> 135
91 -> 136
92 -> 102
93 -> 47
94 -> 56
95 -> 66
96 -> 16
97 -> 57
98 -> 129
99 -> 81
100 -> 76
101 -> 7
102 -> 137
103 -> 51
104 -> 58
105 -> 131
106 -> 127
107 -> 3
108 -> 23
109 -> 43
110 -> 59
111 -> 33
112 -> 18
113 -> 117
114 -> 100
115 -> 60
116 -> 53
117 -> 96
118 -> 36
119 -> 9
120 -> 97
121 -> 71
122 -> 121
123 -> 86
124 -> 87
125 -> 91
126 -> 31
127 -> 14
128 -> 10
129 -> 41
130 -> 90
131 -> 132
132 -> 99
133 -> 125
134 -> 48
135 -> 120
136 -> 111
137 -> 140
138 -> 50
139 -> 104
140 -> 89

Cycles:
(1 19 42 17 29 116 53 93 47 34 65 13 49 2 124 87 40 61 26 133 125 91 136 111 33 46 74 88 70 45 54 139 104 58 4 72 8 22 118 36 73 52 75 103 51 24 119 9 84 128 10 105 131 132 99 81 20 37 55 64 114 100 76 95 66 106 127 14 39 79 27 110 59 35 108 23 134 48 123 86)
(3 80 78 115 60 112 18 11 68 6 44 25 83 5 62 82 101 7 85 63 109 43 15 12 32 30 126 31 138 50 107)
(16 92 102 137 140 89 28 69 77 67 130 90 135 120 97 57 98 129 41 122 121 71 94 56 38 21 113 117 96)

Cycle à casser:
(16 92 102 137 140 89 28 69 77 67 130 90 135 120 97 57 98 129 41 122 121 71 94 56 38 21 113 117 96)

################
Résolution 14

Permutations:
1 -> 19
2 -> 124
3 -> 80
4 -> 72
5 -> 28
6 -> 44
7 -> 85
8 -> 22
9 -> 84
10 -> 105
11 -> 68
12 -> 32
13 -> 95
14 -> 39
15 -> 12
16 -> 111
17 -> 29
18 -> 11
19 -> 42
20 -> 37
21 -> 113
22 -> 118
23 -> 134
24 -> 94
25 -> 83
26 -> 133
27 -> 110
28 -> 92
29 -> 116
30 -> 126
31 -> 33
32 -> 30
33 -> 46
34 -> 65
35 -> 108
36 -> 73
37 -> 55
38 -> 21
39 -> 79
40 -> 61
41 -> 122
42 -> 17
43 -> 15
44 -> 25
45 -> 54
46 -> 74
47 -> 18
48 -> 123
49 -> 69
50 -> 107
51 -> 45
52 -> 75
53 -> 93
54 -> 139
55 -> 64
56 -> 38
57 -> 98
58 -> 4
59 -> 35
60 -> 58
61 -> 26
62 -> 82
63 -> 109
64 -> 114
65 -> 13
66 -> 106
67 -> 130
68 -> 6
69 -> 77
70 -> 121
71 -> 112
72 -> 8
73 -> 52
74 -> 88
75 -> 138
76 -> 90
77 -> 67
78 -> 115
79 -> 27
80 -> 78
81 -> 20
82 -> 101
83 -> 5
84 -> 128
85 -> 63
86 -> 2
87 -> 40
88 -> 34
89 -> 1
90 -> 135
91 -> 136
92 -> 102
93 -> 103
94 -> 56
95 -> 66
96 -> 16
97 -> 57
98 -> 129
99 -> 81
100 -> 76
101 -> 119
102 -> 137
103 -> 51
104 -> 70
105 -> 131
106 -> 127
107 -> 3
108 -> 23
109 -> 43
110 -> 89
111 -> 50
112 -> 59
113 -> 117
114 -> 49
115 -> 60
116 -> 53
117 -> 96
118 -> 36
119 -> 9
120 -> 97
121 -> 71
122 -> 7
123 -> 86
124 -> 87
125 -> 91
126 -> 31
127 -> 14
128 -> 10
129 -> 41
130 -> 47
131 -> 132
132 -> 99
133 -> 125
134 -> 48
135 -> 120
136 -> 100
137 -> 140
138 -> 62
139 -> 104
140 -> 24

Cycles:
(1 19 42 17 29 116 53 93 103 51 45 54 139 104 70 121 71 112 59 35 108 23 134 48 123 86 2 124 87 40 61 26 133 125 91 136 100 76 90 135 120 97 57 98 129 41 122 7 85 63 109 43 15 12 32 30 126 31 33 46 74 88 34 65 13 95 66 106 127 14 39 79 27 110 89)
(3 80 78 115 60 58 4 72 8 22 118 36 73 52 75 138 62 82 101 119 9 84 128 10 105 131 132 99 81 20 37 55 64 114 49 69 77 67 130 47 18 11 68 6 44 25 83 5 28 92 102 137 140 24 94 56 38 21 113 117 96 16 111 50 107)

Cycle à casser:
(3 80 78 115 60 58 4 72 8 22 118 36 73 52 75 138 62 82 101 119 9 84 128 10 105 131 132 99 81 20 37 55 64 114 49 69 77 67 130 47 18 11 68 6 44 25 83 5 28 92 102 137 140 24 94 56 38 21 113 117 96 16 111 50 107)

################
Résolution 15

Permutations:
1 -> 19
2 -> 124
3 -> 80
4 -> 72
5 -> 28
6 -> 44
7 -> 85
8 -> 22
9 -> 84
10 -> 105
11 -> 68
12 -> 32
13 -> 95
14 -> 139
15 -> 27
16 -> 111
17 -> 29
18 -> 11
19 -> 42
20 -> 37
21 -> 113
22 -> 118
23 -> 134
24 -> 94
25 -> 83
26 -> 133
27 -> 110
28 -> 92
29 -> 116
30 -> 126
31 -> 33
32 -> 30
33 -> 46
34 -> 65
35 -> 108
36 -> 73
37 -> 55
38 -> 21
39 -> 79
40 -> 61
41 -> 122
42 -> 17
43 -> 15
44 -> 25
45 -> 54
46 -> 74
47 -> 12
48 -> 123
49 -> 69
50 -> 107
51 -> 45
52 -> 75
53 -> 93
54 -> 91
55 -> 64
56 -> 38
57 -> 98
58 -> 4
59 -> 35
60 -> 58
61 -> 26
62 -> 82
63 -> 109
64 -> 114
65 -> 13
66 -> 106
67 -> 130
68 -> 6
69 -> 77
70 -> 121
71 -> 112
72 -> 8
73 -> 52
74 -> 88
75 -> 138
76 -> 90
77 -> 67
78 -> 115
79 -> 86
80 -> 78
81 -> 20
82 -> 101
83 -> 5
84 -> 128
85 -> 63
86 -> 2
87 -> 40
88 -> 34
89 -> 1
90 -> 135
91 -> 136
92 -> 102
93 -> 103
94 -> 56
95 -> 66
96 -> 16
97 -> 57
98 -> 129
99 -> 81
100 -> 76
101 -> 119
102 -> 137
103 -> 51
104 -> 70
105 -> 131
106 -> 127
107 -> 3
108 -> 23
109 -> 43
110 -> 59
111 -> 50
112 -> 18
113 -> 117
114 -> 49
115 -> 60
116 -> 53
117 -> 96
118 -> 36
119 -> 9
120 -> 97
121 -> 71
122 -> 7
123 -> 39
124 -> 87
125 -> 89
126 -> 31
127 -> 14
128 -> 10
129 -> 41
130 -> 47
131 -> 132
132 -> 99
133 -> 125
134 -> 48
135 -> 120
136 -> 100
137 -> 140
138 -> 62
139 -> 104
140 -> 24

Cycles:
(1 19 42 17 29 116 53 93 103 51 45 54 91 136 100 76 90 135 120 97 57 98 129 41 122 7 85 63 109 43 15 27 110 59 35 108 23 134 48 123 39 79 86 2 124 87 40 61 26 133 125 89)
(3 80 78 115 60 58 4 72 8 22 118 36 73 52 75 138 62 82 101 119 9 84 128 10 105 131 132 99 81 20 37 55 64 114 49 69 77 67 130 47 12 32 30 126 31 33 46 74 88 34 65 13 95 66 106 127 14 139 104 70 121 71 112 18 11 68 6 44 25 83 5 28 92 102 137 140 24 94 56 38 21 113 117 96 16 111 50 107)

Cycle à casser:
(1 19 42 17 29 116 53 93 103 51 45 54 91 136 100 76 90 135 120 97 57 98 129 41 122 7 85 63 109 43 15 27 110 59 35 108 23 134 48 123 39 79 86 2 124 87 40 61 26 133 125 89)

################
Résolution 16

Permutations:
1 -> 19
2 -> 124
3 -> 80
4 -> 72
5 -> 62
6 -> 44
7 -> 85
8 -> 22
9 -> 84
10 -> 105
11 -> 68
12 -> 32
13 -> 49
14 -> 39
15 -> 27
16 -> 99
17 -> 29
18 -> 11
19 -> 42
20 -> 37
21 -> 113
22 -> 118
23 -> 134
24 -> 119
25 -> 83
26 -> 133
27 -> 110
28 -> 69
29 -> 116
30 -> 126
31 -> 138
32 -> 30
33 -> 46
34 -> 65
35 -> 108
36 -> 73
37 -> 55
38 -> 21
39 -> 79
40 -> 61
41 -> 122
42 -> 17
43 -> 15
44 -> 25
45 -> 54
46 -> 74
47 -> 12
48 -> 123
49 -> 2
50 -> 107
51 -> 24
52 -> 75
53 -> 93
54 -> 139
55 -> 64
56 -> 38
57 -> 98
58 -> 4
59 -> 35
60 -> 112
61 -> 26
62 -> 82
63 -> 109
64 -> 114
65 -> 13
66 -> 106
67 -> 130
68 -> 6
69 -> 77
70 -> 45
71 -> 94
72 -> 8
73 -> 52
74 -> 88
75 -> 103
76 -> 95
77 -> 67
78 -> 115
79 -> 92
80 -> 78
81 -> 20
82 -> 101
83 -> 5
84 -> 128
85 -> 63
86 -> 1
87 -> 40
88 -> 70
89 -> 28
90 -> 135
91 -> 66
92 -> 102
93 -> 47
94 -> 56
95 -> 34
96 -> 16
97 -> 57
98 -> 129
99 -> 81
100 -> 76
101 -> 7
102 -> 137
103 -> 51
104 -> 58
105 -> 131
106 -> 127
107 -> 3
108 -> 23
109 -> 43
110 -> 59
111 -> 33
112 -> 18
113 -> 117
114 -> 100
115 -> 60
116 -> 53
117 -> 96
118 -> 36
119 -> 9
120 -> 97
121 -> 71
122 -> 121
123 -> 86
124 -> 87
125 -> 91
126 -> 31
127 -> 14
128 -> 10
129 -> 41
130 -> 90
131 -> 132
132 -> 136
133 -> 125
134 -> 48
135 -> 120
136 -> 111
137 -> 140
138 -> 50
139 -> 104
140 -> 89

Cycles:
(1 19 42 17 29 116 53 93 47 12 32 30 126 31 138 50 107 3 80 78 115 60 112 18 11 68 6 44 25 83 5 62 82 101 7 85 63 109 43 15 27 110 59 35 108 23 134 48 123 86)
(2 124 87 40 61 26 133 125 91 66 106 127 14 39 79 92 102 137 140 89 28 69 77 67 130 90 135 120 97 57 98 129 41 122 121 71 94 56 38 21 113 117 96 16 99 81 20 37 55 64 114 100 76 95 34 65 13 49)
(4 72 8 22 118 36 73 52 75 103 51 24 119 9 84 128 10 105 131 132 136 111 33 46 74 88 70 45 54 139 104 58)

Cycle à casser:
(4 72 8 22 118 36 73 52 75 103 51 24 119 9 84 128 10 105 131 132 136 111 33 46 74 88 70 45 54 139 104 58)

################
Résolution 17

Permutations:
1 -> 19
2 -> 124
3 -> 80
4 -> 72
5 -> 62
6 -> 44
7 -> 85
8 -> 22
9 -> 84
10 -> 105
11 -> 68
12 -> 32
13 -> 49
14 -> 39
15 -> 12
16 -> 92
17 -> 29
18 -> 11
19 -> 42
20 -> 37
21 -> 113
22 -> 118
23 -> 134
24 -> 119
25 -> 83
26 -> 133
27 -> 110
28 -> 69
29 -> 116
30 -> 126
31 -> 138
32 -> 30
33 -> 46
34 -> 65
35 -> 108
36 -> 73
37 -> 55
38 -> 21
39 -> 79
40 -> 61
41 -> 122
42 -> 17
43 -> 15
44 -> 25
45 -> 54
46 -> 74
47 -> 94
48 -> 123
49 -> 2
50 -> 107
51 -> 24
52 -> 75
53 -> 93
54 -> 139
55 -> 64
56 -> 38
57 -> 98
58 -> 4
59 -> 35
60 -> 58
61 -> 26
62 -> 82
63 -> 109
64 -> 114
65 -> 13
66 -> 106
67 -> 130
68 -> 6
69 -> 77
70 -> 45
71 -> 112
72 -> 8
73 -> 52
74 -> 88
75 -> 103
76 -> 95
77 -> 67
78 -> 115
79 -> 27
80 -> 78
81 -> 20
82 -> 101
83 -> 5
84 -> 128
85 -> 63
86 -> 1
87 -> 40
88 -> 34
89 -> 28
90 -> 135
91 -> 136
92 -> 102
93 -> 47
94 -> 56
95 -> 66
96 -> 16
97 -> 57
98 -> 129
99 -> 81
100 -> 76
101 -> 7
102 -> 137
103 -> 51
104 -> 70
105 -> 131
106 -> 127
107 -> 3
108 -> 23
109 -> 43
110 -> 59
111 -> 33
112 -> 18
113 -> 117
114 -> 100
115 -> 60
116 -> 53
117 -> 96
118 -> 36
119 -> 9
120 -> 97
121 -> 71
122 -> 121
123 -> 86
124 -> 87
125 -> 91
126 -> 31
127 -> 14
128 -> 10
129 -> 41
130 -> 90
131 -> 132
132 -> 99
133 -> 125
134 -> 48
135 -> 120
136 -> 111
137 -> 140
138 -> 50
139 -> 104
140 -> 89

Cycles:
(1 19 42 17 29 116 53 93 47 94 56 38 21 113 117 96 16 92 102 137 140 89 28 69 77 67 130 90 135 120 97 57 98 129 41 122 121 71 112 18 11 68 6 44 25 83 5 62 82 101 7 85 63 109 43 15 12 32 30 126 31 138 50 107 3 80 78 115 60 58 4 72 8 22 118 36 73 52 75 103 51 24 119 9 84 128 10 105 131 132 99 81 20 37 55 64 114 100 76 95 66 106 127 14 39 79 27 110 59 35 108 23 134 48 123 86)
(2 124 87 40 61 26 133 125 91 136 111 33 46 74 88 34 65 13 49)
(45 54 139 104 70)

Cycle à casser:
(45 54 139 104 70)

################
Résolution 18

Permutations:
1 -> 19
2 -> 50
3 -> 80
4 -> 72
5 -> 28
6 -> 44
7 -> 85
8 -> 22
9 -> 84
10 -> 126
11 -> 68
12 -> 32
13 -> 95
14 -> 139
15 -> 27
16 -> 111
17 -> 29
18 -> 11
19 -> 42
20 -> 37
21 -> 113
22 -> 118
23 -> 134
24 -> 94
25 -> 83
26 -> 133
27 -> 110
28 -> 92
29 -> 116
30 -> 124
31 -> 138
32 -> 30
33 -> 46
34 -> 65
35 -> 108
36 -> 73
37 -> 55
38 -> 21
39 -> 79
40 -> 61
41 -> 122
42 -> 17
43 -> 15
44 -> 25
45 -> 54
46 -> 74
47 -> 12
48 -> 123
49 -> 69
50 -> 107
51 -> 45
52 -> 75
53 -> 93
54 -> 91
55 -> 64
56 -> 38
57 -> 98
58 -> 4
59 -> 35
60 -> 58
61 -> 26
62 -> 82
63 -> 109
64 -> 114
65 -> 13
66 -> 106
67 -> 130
68 -> 6
69 -> 77
70 -> 121
71 -> 112
72 -> 8
73 -> 52
74 -> 88
75 -> 103
76 -> 90
77 -> 67
78 -> 115
79 -> 86
80 -> 78
81 -> 20
82 -> 101
83 -> 5
84 -> 128
85 -> 63
86 -> 2
87 -> 40
88 -> 34
89 -> 1
90 -> 135
91 -> 136
92 -> 102
93 -> 105
94 -> 56
95 -> 66
96 -> 16
97 -> 57
98 -> 129
99 -> 81
100 -> 76
101 -> 119
102 -> 137
103 -> 51
104 -> 70
105 -> 131
106 -> 127
107 -> 3
108 -> 23
109 -> 43
110 -> 59
111 -> 33
112 -> 18
113 -> 117
114 -> 49
115 -> 60
116 -> 53
117 -> 96
118 -> 36
119 -> 9
120 -> 97
121 -> 71
122 -> 7
123 -> 39
124 -> 87
125 -> 89
126 -> 31
127 -> 14
128 -> 10
129 -> 41
130 -> 47
131 -> 132
132 -> 99
133 -> 125
134 -> 48
135 -> 120
136 -> 100
137 -> 140
138 -> 62
139 -> 104
140 -> 24

Cycles:
(1 19 42 17 29 116 53 93 105 131 132 99 81 20 37 55 64 114 49 69 77 67 130 47 12 32 30 124 87 40 61 26 133 125 89)
(2 50 107 3 80 78 115 60 58 4 72 8 22 118 36 73 52 75 103 51 45 54 91 136 100 76 90 135 120 97 57 98 129 41 122 7 85 63 109 43 15 27 110 59 35 108 23 134 48 123 39 79 86)
(5 28 92 102 137 140 24 94 56 38 21 113 117 96 16 111 33 46 74 88 34 65 13 95 66 106 127 14 139 104 70 121 71 112 18 11 68 6 44 25 83)
(9 84 128 10 126 31 138 62 82 101 119)

Cycle à casser:
(9 84 128 10 126 31 138 62 82 101 119)

################
Résolution 19

Permutations:
1 -> 19
2 -> 50
3 -> 80
4 -> 72
5 -> 62
6 -> 1
7 -> 85
8 -> 122
9 -> 84
10 -> 126
11 -> 68
12 -> 32
13 -> 95
14 -> 139
15 -> 27
16 -> 123
17 -> 29
18 -> 11
19 -> 42
20 -> 37
21 -> 113
22 -> 74
23 -> 134
24 -> 94
25 -> 83
26 -> 77
27 -> 110
28 -> 92
29 -> 116
30 -> 124
31 -> 138
32 -> 30
33 -> 46
34 -> 65
35 -> 108
36 -> 73
37 -> 55
38 -> 21
39 -> 79
40 -> 61
41 -> 44
42 -> 133
43 -> 15
44 -> 25
45 -> 54
46 -> 36
47 -> 12
48 -> 49
49 -> 69
50 -> 107
51 -> 45
52 -> 86
53 -> 93
54 -> 91
55 -> 64
56 -> 38
57 -> 98
58 -> 4
59 -> 35
60 -> 58
61 -> 26
62 -> 82
63 -> 109
64 -> 114
65 -> 13
66 -> 106
67 -> 130
68 -> 6
69 -> 28
70 -> 121
71 -> 112
72 -> 8
73 -> 118
74 -> 88
75 -> 103
76 -> 90
77 -> 67
78 -> 115
79 -> 3
80 -> 78
81 -> 20
82 -> 101
83 -> 5
84 -> 128
85 -> 63
86 -> 2
87 -> 40
88 -> 34
89 -> 56
90 -> 135
91 -> 136
92 -> 102
93 -> 105
94 -> 75
95 -> 66
96 -> 52
97 -> 57
98 -> 129
99 -> 81
100 -> 76
101 -> 119
102 -> 137
103 -> 51
104 -> 70
105 -> 131
106 -> 127
107 -> 17
108 -> 23
109 -> 43
110 -> 59
111 -> 33
112 -> 18
113 -> 117
114 -> 100
115 -> 60
116 -> 53
117 -> 96
118 -> 22
119 -> 9
120 -> 97
121 -> 71
122 -> 7
123 -> 39
124 -> 87
125 -> 89
126 -> 31
127 -> 14
128 -> 10
129 -> 41
130 -> 47
131 -> 132
132 -> 99
133 -> 125
134 -> 48
135 -> 120
136 -> 111
137 -> 140
138 -> 16
139 -> 104
140 -> 24

Cycles:
(1 19 42 133 125 89 56 38 21 113 117 96 52 86 2 50 107 17 29 116 53 93 105 131 132 99 81 20 37 55 64 114 100 76 90 135 120 97 57 98 129 41 44 25 83 5 62 82 101 119 9 84 128 10 126 31 138 16 123 39 79 3 80 78 115 60 58 4 72 8 122 7 85 63 109 43 15 27 110 59 35 108 23 134 48 49 69 28 92 102 137 140 24 94 75 103 51 45 54 91 136 111 33 46 36 73 118 22 74 88 34 65 13 95 66 106 127 14 139 104 70 121 71 112 18 11 68 6)
(12 32 30 124 87 40 61 26 77 67 130 47)

Cycle à casser:
(12 32 30 124 87 40 61 26 77 67 130 47)

################
Résolution 20

Permutations:
1 -> 19
2 -> 124
3 -> 80
4 -> 72
5 -> 28
6 -> 44
7 -> 85
8 -> 22
9 -> 84
10 -> 105
11 -> 86
12 -> 32
13 -> 95
14 -> 139
15 -> 12
16 -> 123
17 -> 29
18 -> 11
19 -> 42
20 -> 37
21 -> 113
22 -> 118
23 -> 134
24 -> 119
25 -> 83
26 -> 133
27 -> 110
28 -> 92
29 -> 116
30 -> 126
31 -> 33
32 -> 30
33 -> 46
34 -> 65
35 -> 108
36 -> 73
37 -> 55
38 -> 21
39 -> 79
40 -> 61
41 -> 122
42 -> 17
43 -> 15
44 -> 25
45 -> 54
46 -> 74
47 -> 34
48 -> 49
49 -> 69
50 -> 107
51 -> 45
52 -> 75
53 -> 93
54 -> 91
55 -> 64
56 -> 38
57 -> 98
58 -> 4
59 -> 35
60 -> 58
61 -> 26
62 -> 82
63 -> 109
64 -> 114
65 -> 13
66 -> 106
67 -> 130
68 -> 6
69 -> 77
70 -> 121
71 -> 94
72 -> 8
73 -> 52
74 -> 88
75 -> 138
76 -> 90
77 -> 67
78 -> 115
79 -> 27
80 -> 78
81 -> 20
82 -> 101
83 -> 5
84 -> 128
85 -> 63
86 -> 2
87 -> 40
88 -> 112
89 -> 1
90 -> 135
91 -> 136
92 -> 102
93 -> 103
94 -> 56
95 -> 66
96 -> 16
97 -> 57
98 -> 129
99 -> 81
100 -> 76
101 -> 68
102 -> 137
103 -> 51
104 -> 70
105 -> 131
106 -> 127
107 -> 3
108 -> 23
109 -> 43
110 -> 59
111 -> 50
112 -> 18
113 -> 117
114 -> 100
115 -> 60
116 -> 53
117 -> 96
118 -> 36
119 -> 9
120 -> 97
121 -> 71
122 -> 7
123 -> 39
124 -> 87
125 -> 89
126 -> 31
127 -> 14
128 -> 10
129 -> 41
130 -> 47
131 -> 132
132 -> 99
133 -> 125
134 -> 48
135 -> 120
136 -> 111
137 -> 140
138 -> 62
139 -> 104
140 -> 24

Cycles:
(1 19 42 17 29 116 53 93 103 51 45 54 91 136 111 50 107 3 80 78 115 60 58 4 72 8 22 118 36 73 52 75 138 62 82 101 68 6 44 25 83 5 28 92 102 137 140 24 119 9 84 128 10 105 131 132 99 81 20 37 55 64 114 100 76 90 135 120 97 57 98 129 41 122 7 85 63 109 43 15 12 32 30 126 31 33 46 74 88 112 18 11 86 2 124 87 40 61 26 133 125 89)
(13 95 66 106 127 14 139 104 70 121 71 94 56 38 21 113 117 96 16 123 39 79 27 110 59 35 108 23 134 48 49 69 77 67 130 47 34 65)

Cycle à casser:
(13 95 66 106 127 14 139 104 70 121 71 94 56 38 21 113 117 96 16 123 39 79 27 110 59 35 108 23 134 48 49 69 77 67 130 47 34 65)

################
Résolution 21

Permutations:
1 -> 19
2 -> 124
3 -> 80
4 -> 72
5 -> 28
6 -> 44
7 -> 85
8 -> 22
9 -> 84
10 -> 105
11 -> 68
12 -> 32
13 -> 95
14 -> 39
15 -> 12
16 -> 123
17 -> 29
18 -> 11
19 -> 42
20 -> 37
21 -> 113
22 -> 118
23 -> 134
24 -> 94
25 -> 83
26 -> 133
27 -> 110
28 -> 92
29 -> 116
30 -> 126
31 -> 33
32 -> 30
33 -> 46
34 -> 65
35 -> 108
36 -> 73
37 -> 55
38 -> 21
39 -> 79
40 -> 61
41 -> 122
42 -> 17
43 -> 15
44 -> 25
45 -> 54
46 -> 74
47 -> 18
48 -> 49
49 -> 69
50 -> 107
51 -> 45
52 -> 75
53 -> 93
54 -> 139
55 -> 64
56 -> 38
57 -> 98
58 -> 4
59 -> 35
60 -> 58
61 -> 26
62 -> 82
63 -> 109
64 -> 114
65 -> 13
66 -> 106
67 -> 130
68 -> 6
69 -> 77
70 -> 121
71 -> 112
72 -> 8
73 -> 52
74 -> 88
75 -> 138
76 -> 90
77 -> 67
78 -> 115
79 -> 27
80 -> 78
81 -> 20
82 -> 101
83 -> 5
84 -> 128
85 -> 63
86 -> 2
87 -> 40
88 -> 34
89 -> 1
90 -> 135
91 -> 136
92 -> 102
93 -> 103
94 -> 56
95 -> 66
96 -> 16
97 -> 57
98 -> 129
99 -> 81
100 -> 76
101 -> 119
102 -> 137
103 -> 51
104 -> 70
105 -> 131
106 -> 127
107 -> 3
108 -> 23
109 -> 43
110 -> 89
111 -> 50
112 -> 59
113 -> 117
114 -> 100
115 -> 60
116 -> 53
117 -> 96
118 -> 36
119 -> 9
120 -> 97
121 -> 71
122 -> 7
123 -> 86
124 -> 87
125 -> 91
126 -> 31
127 -> 14
128 -> 10
129 -> 41
130 -> 47
131 -> 132
132 -> 99
133 -> 125
134 -> 48
135 -> 120
136 -> 111
137 -> 140
138 -> 62
139 -> 104
140 -> 24

Cycles:
(1 19 42 17 29 116 53 93 103 51 45 54 139 104 70 121 71 112 59 35 108 23 134 48 49 69 77 67 130 47 18 11 68 6 44 25 83 5 28 92 102 137 140 24 94 56 38 21 113 117 96 16 123 86 2 124 87 40 61 26 133 125 91 136 111 50 107 3 80 78 115 60 58 4 72 8 22 118 36 73 52 75 138 62 82 101 119 9 84 128 10 105 131 132 99 81 20 37 55 64 114 100 76 90 135 120 97 57 98 129 41 122 7 85 63 109 43 15 12 32 30 126 31 33 46 74 88 34 65 13 95 66 106 127 14 39 79 27 110 89)

z = 111

Résultat :
-----------
Temps (secondes) : 16.493
Nombre d'appels à GPLK : 21
Nombre d'appels à realloc (/3) : 2
Nombre de contraintes (3') ajoutées : 20
Writing problem data to './data/relief/relief140.dat.lp'...
49285 lines were written
