################
Résolution 1

Permutations:
1 -> 15
2 -> 10
3 -> 19
4 -> 30
5 -> 40
6 -> 29
7 -> 9
8 -> 39
9 -> 47
10 -> 44
11 -> 31
12 -> 28
13 -> 50
14 -> 6
15 -> 45
16 -> 35
17 -> 43
18 -> 49
19 -> 37
20 -> 21
21 -> 20
22 -> 46
23 -> 11
24 -> 48
25 -> 24
26 -> 5
27 -> 34
28 -> 41
29 -> 38
30 -> 32
31 -> 2
32 -> 27
33 -> 4
34 -> 16
35 -> 42
36 -> 7
37 -> 12
38 -> 26
39 -> 3
40 -> 23
41 -> 17
42 -> 8
43 -> 33
44 -> 13
45 -> 18
46 -> 14
47 -> 36
48 -> 1
49 -> 25
50 -> 22

Cycles:
(1 15 45 18 49 25 24 48)
(2 10 44 13 50 22 46 14 6 29 38 26 5 40 23 11 31)
(3 19 37 12 28 41 17 43 33 4 30 32 27 34 16 35 42 8 39)
(7 9 47 36)
(20 21)

Cycle à casser:
(20 21)

################
Résolution 2

Permutations:
1 -> 15
2 -> 10
3 -> 20
4 -> 30
5 -> 40
6 -> 29
7 -> 9
8 -> 39
9 -> 47
10 -> 44
11 -> 31
12 -> 28
13 -> 19
14 -> 6
15 -> 45
16 -> 35
17 -> 43
18 -> 49
19 -> 37
20 -> 21
21 -> 26
22 -> 46
23 -> 11
24 -> 48
25 -> 24
26 -> 5
27 -> 34
28 -> 41
29 -> 38
30 -> 32
31 -> 2
32 -> 27
33 -> 4
34 -> 16
35 -> 42
36 -> 7
37 -> 12
38 -> 1
39 -> 3
40 -> 23
41 -> 17
42 -> 8
43 -> 33
44 -> 13
45 -> 18
46 -> 14
47 -> 36
48 -> 50
49 -> 25
50 -> 22

Cycles:
(1 15 45 18 49 25 24 48 50 22 46 14 6 29 38)
(2 10 44 13 19 37 12 28 41 17 43 33 4 30 32 27 34 16 35 42 8 39 3 20 21 26 5 40 23 11 31)
(7 9 47 36)

Cycle à casser:
(7 9 47 36)

################
Résolution 3

Permutations:
1 -> 15
2 -> 10
3 -> 20
4 -> 30
5 -> 40
6 -> 29
7 -> 9
8 -> 39
9 -> 26
10 -> 44
11 -> 31
12 -> 28
13 -> 50
14 -> 6
15 -> 45
16 -> 35
17 -> 46
18 -> 49
19 -> 37
20 -> 21
21 -> 43
22 -> 47
23 -> 11
24 -> 33
25 -> 24
26 -> 5
27 -> 34
28 -> 41
29 -> 48
30 -> 32
31 -> 2
32 -> 27
33 -> 4
34 -> 16
35 -> 19
36 -> 7
37 -> 12
38 -> 1
39 -> 38
40 -> 23
41 -> 17
42 -> 8
43 -> 42
44 -> 13
45 -> 18
46 -> 14
47 -> 36
48 -> 3
49 -> 25
50 -> 22

Cycles:
(1 15 45 18 49 25 24 33 4 30 32 27 34 16 35 19 37 12 28 41 17 46 14 6 29 48 3 20 21 43 42 8 39 38)
(2 10 44 13 50 22 47 36 7 9 26 5 40 23 11 31)

Cycle à casser:
(2 10 44 13 50 22 47 36 7 9 26 5 40 23 11 31)

################
Résolution 4

Permutations:
1 -> 15
2 -> 10
3 -> 20
4 -> 30
5 -> 40
6 -> 29
7 -> 9
8 -> 39
9 -> 26
10 -> 44
11 -> 31
12 -> 28
13 -> 19
14 -> 6
15 -> 45
16 -> 35
17 -> 46
18 -> 49
19 -> 37
20 -> 21
21 -> 43
22 -> 47
23 -> 11
24 -> 48
25 -> 24
26 -> 5
27 -> 34
28 -> 41
29 -> 38
30 -> 32
31 -> 2
32 -> 27
33 -> 4
34 -> 16
35 -> 42
36 -> 7
37 -> 12
38 -> 1
39 -> 3
40 -> 23
41 -> 17
42 -> 8
43 -> 33
44 -> 13
45 -> 18
46 -> 14
47 -> 36
48 -> 50
49 -> 25
50 -> 22

Cycles:
(1 15 45 18 49 25 24 48 50 22 47 36 7 9 26 5 40 23 11 31 2 10 44 13 19 37 12 28 41 17 46 14 6 29 38)
(3 20 21 43 33 4 30 32 27 34 16 35 42 8 39)

Cycle à casser:
(3 20 21 43 33 4 30 32 27 34 16 35 42 8 39)

################
Résolution 5

Permutations:
1 -> 15
2 -> 10
3 -> 20
4 -> 30
5 -> 40
6 -> 29
7 -> 9
8 -> 39
9 -> 47
10 -> 44
11 -> 31
12 -> 28
13 -> 50
14 -> 6
15 -> 45
16 -> 35
17 -> 27
18 -> 49
19 -> 37
20 -> 36
21 -> 43
22 -> 46
23 -> 11
24 -> 48
25 -> 24
26 -> 5
27 -> 34
28 -> 41
29 -> 38
30 -> 32
31 -> 2
32 -> 21
33 -> 4
34 -> 16
35 -> 42
36 -> 7
37 -> 12
38 -> 26
39 -> 3
40 -> 19
41 -> 17
42 -> 8
43 -> 33
44 -> 13
45 -> 18
46 -> 14
47 -> 23
48 -> 1
49 -> 25
50 -> 22

Cycles:
(1 15 45 18 49 25 24 48)
(2 10 44 13 50 22 46 14 6 29 38 26 5 40 19 37 12 28 41 17 27 34 16 35 42 8 39 3 20 36 7 9 47 23 11 31)
(4 30 32 21 43 33)

Cycle à casser:
(4 30 32 21 43 33)

################
Résolution 6

Permutations:
1 -> 15
2 -> 10
3 -> 20
4 -> 30
5 -> 40
6 -> 29
7 -> 9
8 -> 39
9 -> 47
10 -> 44
11 -> 31
12 -> 28
13 -> 50
14 -> 6
15 -> 45
16 -> 35
17 -> 43
18 -> 49
19 -> 37
20 -> 36
21 -> 11
22 -> 46
23 -> 27
24 -> 48
25 -> 24
26 -> 5
27 -> 34
28 -> 41
29 -> 38
30 -> 32
31 -> 2
32 -> 21
33 -> 4
34 -> 16
35 -> 42
36 -> 7
37 -> 12
38 -> 26
39 -> 3
40 -> 19
41 -> 17
42 -> 8
43 -> 33
44 -> 13
45 -> 18
46 -> 14
47 -> 23
48 -> 1
49 -> 25
50 -> 22

Cycles:
(1 15 45 18 49 25 24 48)
(2 10 44 13 50 22 46 14 6 29 38 26 5 40 19 37 12 28 41 17 43 33 4 30 32 21 11 31)
(3 20 36 7 9 47 23 27 34 16 35 42 8 39)

Cycle à casser:
(1 15 45 18 49 25 24 48)

################
Résolution 7

Permutations:
1 -> 15
2 -> 10
3 -> 20
4 -> 30
5 -> 40
6 -> 29
7 -> 9
8 -> 39
9 -> 26
10 -> 44
11 -> 31
12 -> 28
13 -> 19
14 -> 6
15 -> 45
16 -> 35
17 -> 46
18 -> 49
19 -> 37
20 -> 21
21 -> 43
22 -> 47
23 -> 11
24 -> 33
25 -> 24
26 -> 5
27 -> 34
28 -> 41
29 -> 48
30 -> 32
31 -> 2
32 -> 27
33 -> 4
34 -> 16
35 -> 42
36 -> 7
37 -> 12
38 -> 1
39 -> 3
40 -> 23
41 -> 17
42 -> 8
43 -> 38
44 -> 13
45 -> 18
46 -> 14
47 -> 36
48 -> 50
49 -> 25
50 -> 22

Cycles:
(1 15 45 18 49 25 24 33 4 30 32 27 34 16 35 42 8 39 3 20 21 43 38)
(2 10 44 13 19 37 12 28 41 17 46 14 6 29 48 50 22 47 36 7 9 26 5 40 23 11 31)

Cycle à casser:
(1 15 45 18 49 25 24 33 4 30 32 27 34 16 35 42 8 39 3 20 21 43 38)

################
Résolution 8

Permutations:
1 -> 15
2 -> 10
3 -> 20
4 -> 30
5 -> 6
6 -> 29
7 -> 9
8 -> 39
9 -> 47
10 -> 44
11 -> 31
12 -> 28
13 -> 50
14 -> 13
15 -> 45
16 -> 35
17 -> 43
18 -> 49
19 -> 37
20 -> 21
21 -> 11
22 -> 46
23 -> 27
24 -> 33
25 -> 24
26 -> 5
27 -> 34
28 -> 41
29 -> 48
30 -> 32
31 -> 2
32 -> 8
33 -> 4
34 -> 16
35 -> 19
36 -> 40
37 -> 12
38 -> 26
39 -> 3
40 -> 23
41 -> 17
42 -> 38
43 -> 42
44 -> 7
45 -> 18
46 -> 14
47 -> 36
48 -> 1
49 -> 25
50 -> 22

Cycles:
(1 15 45 18 49 25 24 33 4 30 32 8 39 3 20 21 11 31 2 10 44 7 9 47 36 40 23 27 34 16 35 19 37 12 28 41 17 43 42 38 26 5 6 29 48)
(13 50 22 46 14)

Cycle à casser:
(13 50 22 46 14)

################
Résolution 9

Permutations:
1 -> 15
2 -> 10
3 -> 20
4 -> 30
5 -> 40
6 -> 29
7 -> 9
8 -> 39
9 -> 47
10 -> 44
11 -> 31
12 -> 28
13 -> 50
14 -> 6
15 -> 45
16 -> 35
17 -> 43
18 -> 49
19 -> 37
20 -> 36
21 -> 11
22 -> 46
23 -> 27
24 -> 48
25 -> 24
26 -> 5
27 -> 34
28 -> 41
29 -> 1
30 -> 32
31 -> 2
32 -> 21
33 -> 4
34 -> 16
35 -> 42
36 -> 7
37 -> 12
38 -> 26
39 -> 38
40 -> 19
41 -> 17
42 -> 8
43 -> 33
44 -> 13
45 -> 18
46 -> 14
47 -> 23
48 -> 3
49 -> 25
50 -> 22

Cycles:
(1 15 45 18 49 25 24 48 3 20 36 7 9 47 23 27 34 16 35 42 8 39 38 26 5 40 19 37 12 28 41 17 43 33 4 30 32 21 11 31 2 10 44 13 50 22 46 14 6 29)

z = 155

Résultat :
-----------
Temps (secondes) : 0.380
Nombre d'appels à GPLK : 9
Nombre d'appels à realloc (/3) : 1
Nombre de contraintes (3') ajoutées : 8
Writing problem data to './data/relief/relief50.dat.lp'...
6281 lines were written
