################
Résolution 1

Permutations:
1 -> 28
2 -> 68
3 -> 60
4 -> 36
5 -> 51
6 -> 9
7 -> 34
8 -> 88
9 -> 83
10 -> 63
11 -> 16
12 -> 66
13 -> 99
14 -> 90
15 -> 10
16 -> 31
17 -> 95
18 -> 45
19 -> 3
20 -> 93
21 -> 37
22 -> 1
23 -> 54
24 -> 13
25 -> 75
26 -> 98
27 -> 61
28 -> 21
29 -> 76
30 -> 47
31 -> 77
32 -> 73
33 -> 79
34 -> 38
35 -> 92
36 -> 46
37 -> 91
38 -> 62
39 -> 78
40 -> 25
41 -> 49
42 -> 18
43 -> 12
44 -> 58
45 -> 44
46 -> 5
47 -> 52
48 -> 6
49 -> 43
50 -> 40
51 -> 22
52 -> 41
53 -> 19
54 -> 55
55 -> 59
56 -> 82
57 -> 64
58 -> 11
59 -> 85
60 -> 87
61 -> 42
62 -> 48
63 -> 17
64 -> 29
65 -> 86
66 -> 71
67 -> 53
68 -> 4
69 -> 27
70 -> 23
71 -> 26
72 -> 74
73 -> 97
74 -> 81
75 -> 35
76 -> 89
77 -> 7
78 -> 72
79 -> 30
80 -> 96
81 -> 57
82 -> 65
83 -> 20
84 -> 39
85 -> 24
86 -> 33
87 -> 94
88 -> 67
89 -> 32
90 -> 80
91 -> 2
92 -> 15
93 -> 50
94 -> 69
95 -> 56
96 -> 14
97 -> 70
98 -> 84
99 -> 100
100 -> 8

Cycles:
(1 28 21 37 91 2 68 4 36 46 5 51 22)
(3 60 87 94 69 27 61 42 18 45 44 58 11 16 31 77 7 34 38 62 48 6 9 83 20 93 50 40 25 75 35 92 15 10 63 17 95 56 82 65 86 33 79 30 47 52 41 49 43 12 66 71 26 98 84 39 78 72 74 81 57 64 29 76 89 32 73 97 70 23 54 55 59 85 24 13 99 100 8 88 67 53 19)
(14 90 80 96)

Cycle à casser:
(14 90 80 96)

################
Résolution 2

Permutations:
1 -> 85
2 -> 68
3 -> 97
4 -> 36
5 -> 45
6 -> 9
7 -> 34
8 -> 67
9 -> 51
10 -> 63
11 -> 95
12 -> 66
13 -> 99
14 -> 38
15 -> 10
16 -> 31
17 -> 84
18 -> 28
19 -> 3
20 -> 88
21 -> 71
22 -> 1
23 -> 54
24 -> 13
25 -> 16
26 -> 64
27 -> 61
28 -> 21
29 -> 76
30 -> 47
31 -> 77
32 -> 73
33 -> 79
34 -> 75
35 -> 92
36 -> 46
37 -> 91
38 -> 62
39 -> 78
40 -> 25
41 -> 49
42 -> 98
43 -> 12
44 -> 58
45 -> 44
46 -> 93
47 -> 52
48 -> 6
49 -> 43
50 -> 90
51 -> 22
52 -> 41
53 -> 19
54 -> 55
55 -> 20
56 -> 82
57 -> 83
58 -> 11
59 -> 100
60 -> 87
61 -> 42
62 -> 48
63 -> 17
64 -> 29
65 -> 86
66 -> 89
67 -> 53
68 -> 4
69 -> 27
70 -> 23
71 -> 26
72 -> 74
73 -> 59
74 -> 81
75 -> 57
76 -> 35
77 -> 7
78 -> 72
79 -> 30
80 -> 96
81 -> 56
82 -> 65
83 -> 5
84 -> 39
85 -> 24
86 -> 37
87 -> 94
88 -> 60
89 -> 33
90 -> 80
91 -> 2
92 -> 15
93 -> 50
94 -> 69
95 -> 40
96 -> 14
97 -> 70
98 -> 18
99 -> 32
100 -> 8

Cycles:
(1 85 24 13 99 32 73 59 100 8 67 53 19 3 97 70 23 54 55 20 88 60 87 94 69 27 61 42 98 18 28 21 71 26 64 29 76 35 92 15 10 63 17 84 39 78 72 74 81 56 82 65 86 37 91 2 68 4 36 46 93 50 90 80 96 14 38 62 48 6 9 51 22)
(5 45 44 58 11 95 40 25 16 31 77 7 34 75 57 83)
(12 66 89 33 79 30 47 52 41 49 43)

Cycle à casser:
(12 66 89 33 79 30 47 52 41 49 43)

################
Résolution 3

Permutations:
1 -> 28
2 -> 68
3 -> 97
4 -> 36
5 -> 51
6 -> 9
7 -> 34
8 -> 88
9 -> 83
10 -> 6
11 -> 95
12 -> 60
13 -> 99
14 -> 38
15 -> 10
16 -> 31
17 -> 84
18 -> 45
19 -> 3
20 -> 7
21 -> 71
22 -> 1
23 -> 54
24 -> 13
25 -> 16
26 -> 98
27 -> 61
28 -> 21
29 -> 76
30 -> 47
31 -> 63
32 -> 73
33 -> 79
34 -> 75
35 -> 92
36 -> 46
37 -> 91
38 -> 62
39 -> 78
40 -> 25
41 -> 49
42 -> 77
43 -> 12
44 -> 58
45 -> 44
46 -> 93
47 -> 52
48 -> 85
49 -> 43
50 -> 90
51 -> 22
52 -> 41
53 -> 19
54 -> 55
55 -> 20
56 -> 82
57 -> 64
58 -> 11
59 -> 100
60 -> 87
61 -> 42
62 -> 48
63 -> 17
64 -> 29
65 -> 86
66 -> 89
67 -> 53
68 -> 4
69 -> 66
70 -> 23
71 -> 26
72 -> 74
73 -> 59
74 -> 81
75 -> 57
76 -> 35
77 -> 27
78 -> 72
79 -> 30
80 -> 96
81 -> 56
82 -> 65
83 -> 5
84 -> 39
85 -> 24
86 -> 37
87 -> 94
88 -> 67
89 -> 33
90 -> 80
91 -> 2
92 -> 15
93 -> 50
94 -> 69
95 -> 40
96 -> 14
97 -> 70
98 -> 18
99 -> 32
100 -> 8

Cycles:
(1 28 21 71 26 98 18 45 44 58 11 95 40 25 16 31 63 17 84 39 78 72 74 81 56 82 65 86 37 91 2 68 4 36 46 93 50 90 80 96 14 38 62 48 85 24 13 99 32 73 59 100 8 88 67 53 19 3 97 70 23 54 55 20 7 34 75 57 64 29 76 35 92 15 10 6 9 83 5 51 22)
(12 60 87 94 69 66 89 33 79 30 47 52 41 49 43)
(27 61 42 77)

Cycle à casser:
(27 61 42 77)

################
Résolution 4

Permutations:
1 -> 85
2 -> 68
3 -> 97
4 -> 36
5 -> 45
6 -> 9
7 -> 34
8 -> 88
9 -> 51
10 -> 63
11 -> 95
12 -> 60
13 -> 99
14 -> 38
15 -> 10
16 -> 31
17 -> 84
18 -> 28
19 -> 3
20 -> 7
21 -> 71
22 -> 1
23 -> 54
24 -> 13
25 -> 16
26 -> 64
27 -> 61
28 -> 21
29 -> 76
30 -> 47
31 -> 77
32 -> 73
33 -> 79
34 -> 75
35 -> 92
36 -> 46
37 -> 91
38 -> 62
39 -> 78
40 -> 25
41 -> 49
42 -> 98
43 -> 12
44 -> 58
45 -> 44
46 -> 93
47 -> 52
48 -> 6
49 -> 43
50 -> 90
51 -> 22
52 -> 41
53 -> 19
54 -> 55
55 -> 20
56 -> 82
57 -> 83
58 -> 11
59 -> 100
60 -> 87
61 -> 42
62 -> 48
63 -> 17
64 -> 29
65 -> 86
66 -> 89
67 -> 53
68 -> 4
69 -> 66
70 -> 23
71 -> 26
72 -> 74
73 -> 59
74 -> 81
75 -> 57
76 -> 35
77 -> 27
78 -> 72
79 -> 30
80 -> 96
81 -> 56
82 -> 65
83 -> 5
84 -> 39
85 -> 24
86 -> 37
87 -> 94
88 -> 67
89 -> 33
90 -> 80
91 -> 2
92 -> 15
93 -> 50
94 -> 69
95 -> 40
96 -> 14
97 -> 70
98 -> 18
99 -> 32
100 -> 8

Cycles:
(1 85 24 13 99 32 73 59 100 8 88 67 53 19 3 97 70 23 54 55 20 7 34 75 57 83 5 45 44 58 11 95 40 25 16 31 77 27 61 42 98 18 28 21 71 26 64 29 76 35 92 15 10 63 17 84 39 78 72 74 81 56 82 65 86 37 91 2 68 4 36 46 93 50 90 80 96 14 38 62 48 6 9 51 22)
(12 60 87 94 69 66 89 33 79 30 47 52 41 49 43)

Cycle à casser:
(12 60 87 94 69 66 89 33 79 30 47 52 41 49 43)

################
Résolution 5

Permutations:
1 -> 28
2 -> 68
3 -> 60
4 -> 100
5 -> 51
6 -> 20
7 -> 34
8 -> 88
9 -> 83
10 -> 63
11 -> 16
12 -> 54
13 -> 99
14 -> 90
15 -> 10
16 -> 31
17 -> 95
18 -> 45
19 -> 3
20 -> 7
21 -> 37
22 -> 1
23 -> 55
24 -> 13
25 -> 75
26 -> 98
27 -> 61
28 -> 21
29 -> 76
30 -> 47
31 -> 77
32 -> 73
33 -> 79
34 -> 38
35 -> 92
36 -> 46
37 -> 91
38 -> 62
39 -> 78
40 -> 25
41 -> 36
42 -> 18
43 -> 12
44 -> 58
45 -> 44
46 -> 93
47 -> 52
48 -> 6
49 -> 43
50 -> 40
51 -> 22
52 -> 41
53 -> 19
54 -> 42
55 -> 59
56 -> 82
57 -> 64
58 -> 11
59 -> 85
60 -> 87
61 -> 49
62 -> 48
63 -> 17
64 -> 29
65 -> 96
66 -> 71
67 -> 53
68 -> 4
69 -> 66
70 -> 23
71 -> 26
72 -> 74
73 -> 97
74 -> 81
75 -> 35
76 -> 89
77 -> 27
78 -> 72
79 -> 30
80 -> 86
81 -> 57
82 -> 65
83 -> 5
84 -> 39
85 -> 24
86 -> 9
87 -> 94
88 -> 67
89 -> 33
90 -> 80
91 -> 2
92 -> 15
93 -> 50
94 -> 69
95 -> 56
96 -> 14
97 -> 70
98 -> 84
99 -> 32
100 -> 8

Cycles:
(1 28 21 37 91 2 68 4 100 8 88 67 53 19 3 60 87 94 69 66 71 26 98 84 39 78 72 74 81 57 64 29 76 89 33 79 30 47 52 41 36 46 93 50 40 25 75 35 92 15 10 63 17 95 56 82 65 96 14 90 80 86 9 83 5 51 22)
(6 20 7 34 38 62 48)
(11 16 31 77 27 61 49 43 12 54 42 18 45 44 58)
(13 99 32 73 97 70 23 55 59 85 24)

Cycle à casser:
(6 20 7 34 38 62 48)

################
Résolution 6

Permutations:
1 -> 28
2 -> 68
3 -> 60
4 -> 100
5 -> 51
6 -> 9
7 -> 34
8 -> 88
9 -> 83
10 -> 63
11 -> 16
12 -> 54
13 -> 99
14 -> 90
15 -> 10
16 -> 31
17 -> 95
18 -> 45
19 -> 3
20 -> 7
21 -> 37
22 -> 1
23 -> 55
24 -> 13
25 -> 75
26 -> 98
27 -> 61
28 -> 21
29 -> 76
30 -> 47
31 -> 77
32 -> 73
33 -> 79
34 -> 38
35 -> 92
36 -> 46
37 -> 91
38 -> 62
39 -> 78
40 -> 25
41 -> 36
42 -> 18
43 -> 12
44 -> 58
45 -> 44
46 -> 93
47 -> 52
48 -> 6
49 -> 43
50 -> 40
51 -> 22
52 -> 41
53 -> 19
54 -> 42
55 -> 20
56 -> 59
57 -> 64
58 -> 11
59 -> 85
60 -> 87
61 -> 49
62 -> 48
63 -> 17
64 -> 29
65 -> 96
66 -> 71
67 -> 53
68 -> 4
69 -> 66
70 -> 23
71 -> 26
72 -> 74
73 -> 97
74 -> 81
75 -> 35
76 -> 89
77 -> 27
78 -> 72
79 -> 30
80 -> 86
81 -> 57
82 -> 65
83 -> 5
84 -> 39
85 -> 24
86 -> 33
87 -> 94
88 -> 67
89 -> 32
90 -> 80
91 -> 2
92 -> 15
93 -> 50
94 -> 69
95 -> 56
96 -> 14
97 -> 70
98 -> 84
99 -> 82
100 -> 8

Cycles:
(1 28 21 37 91 2 68 4 100 8 88 67 53 19 3 60 87 94 69 66 71 26 98 84 39 78 72 74 81 57 64 29 76 89 32 73 97 70 23 55 20 7 34 38 62 48 6 9 83 5 51 22)
(10 63 17 95 56 59 85 24 13 99 82 65 96 14 90 80 86 33 79 30 47 52 41 36 46 93 50 40 25 75 35 92 15)
(11 16 31 77 27 61 49 43 12 54 42 18 45 44 58)

Cycle à casser:
(11 16 31 77 27 61 49 43 12 54 42 18 45 44 58)

################
Résolution 7

Permutations:
1 -> 28
2 -> 68
3 -> 60
4 -> 100
5 -> 64
6 -> 20
7 -> 34
8 -> 88
9 -> 51
10 -> 63
11 -> 95
12 -> 54
13 -> 99
14 -> 38
15 -> 10
16 -> 31
17 -> 84
18 -> 45
19 -> 3
20 -> 7
21 -> 37
22 -> 1
23 -> 55
24 -> 13
25 -> 16
26 -> 40
27 -> 61
28 -> 21
29 -> 76
30 -> 47
31 -> 77
32 -> 73
33 -> 79
34 -> 75
35 -> 92
36 -> 46
37 -> 91
38 -> 62
39 -> 78
40 -> 25
41 -> 36
42 -> 98
43 -> 12
44 -> 58
45 -> 44
46 -> 93
47 -> 52
48 -> 6
49 -> 43
50 -> 90
51 -> 22
52 -> 41
53 -> 19
54 -> 42
55 -> 59
56 -> 82
57 -> 83
58 -> 11
59 -> 85
60 -> 87
61 -> 49
62 -> 48
63 -> 17
64 -> 29
65 -> 86
66 -> 71
67 -> 53
68 -> 4
69 -> 66
70 -> 23
71 -> 26
72 -> 74
73 -> 97
74 -> 81
75 -> 35
76 -> 89
77 -> 27
78 -> 72
79 -> 30
80 -> 96
81 -> 57
82 -> 65
83 -> 5
84 -> 39
85 -> 24
86 -> 9
87 -> 94
88 -> 67
89 -> 33
90 -> 80
91 -> 2
92 -> 15
93 -> 50
94 -> 69
95 -> 56
96 -> 14
97 -> 70
98 -> 18
99 -> 32
100 -> 8

Cycles:
(1 28 21 37 91 2 68 4 100 8 88 67 53 19 3 60 87 94 69 66 71 26 40 25 16 31 77 27 61 49 43 12 54 42 98 18 45 44 58 11 95 56 82 65 86 9 51 22)
(5 64 29 76 89 33 79 30 47 52 41 36 46 93 50 90 80 96 14 38 62 48 6 20 7 34 75 35 92 15 10 63 17 84 39 78 72 74 81 57 83)
(13 99 32 73 97 70 23 55 59 85 24)

Cycle à casser:
(13 99 32 73 97 70 23 55 59 85 24)

################
Résolution 8

Permutations:
1 -> 28
2 -> 68
3 -> 60
4 -> 100
5 -> 51
6 -> 9
7 -> 34
8 -> 88
9 -> 83
10 -> 63
11 -> 95
12 -> 54
13 -> 99
14 -> 38
15 -> 10
16 -> 31
17 -> 84
18 -> 45
19 -> 3
20 -> 7
21 -> 37
22 -> 1
23 -> 55
24 -> 13
25 -> 16
26 -> 40
27 -> 61
28 -> 21
29 -> 76
30 -> 47
31 -> 77
32 -> 73
33 -> 79
34 -> 75
35 -> 92
36 -> 46
37 -> 91
38 -> 62
39 -> 78
40 -> 25
41 -> 36
42 -> 98
43 -> 12
44 -> 58
45 -> 44
46 -> 93
47 -> 52
48 -> 6
49 -> 43
50 -> 90
51 -> 22
52 -> 41
53 -> 19
54 -> 42
55 -> 20
56 -> 59
57 -> 64
58 -> 11
59 -> 85
60 -> 87
61 -> 49
62 -> 48
63 -> 17
64 -> 29
65 -> 86
66 -> 71
67 -> 53
68 -> 4
69 -> 66
70 -> 23
71 -> 26
72 -> 74
73 -> 97
74 -> 81
75 -> 35
76 -> 89
77 -> 27
78 -> 72
79 -> 30
80 -> 96
81 -> 57
82 -> 65
83 -> 5
84 -> 39
85 -> 24
86 -> 33
87 -> 94
88 -> 67
89 -> 32
90 -> 80
91 -> 2
92 -> 15
93 -> 50
94 -> 69
95 -> 56
96 -> 14
97 -> 70
98 -> 18
99 -> 82
100 -> 8

Cycles:
(1 28 21 37 91 2 68 4 100 8 88 67 53 19 3 60 87 94 69 66 71 26 40 25 16 31 77 27 61 49 43 12 54 42 98 18 45 44 58 11 95 56 59 85 24 13 99 82 65 86 33 79 30 47 52 41 36 46 93 50 90 80 96 14 38 62 48 6 9 83 5 51 22)
(7 34 75 35 92 15 10 63 17 84 39 78 72 74 81 57 64 29 76 89 32 73 97 70 23 55 20)

Cycle à casser:
(7 34 75 35 92 15 10 63 17 84 39 78 72 74 81 57 64 29 76 89 32 73 97 70 23 55 20)

################
Résolution 9

Permutations:
1 -> 28
2 -> 68
3 -> 60
4 -> 100
5 -> 64
6 -> 9
7 -> 34
8 -> 88
9 -> 51
10 -> 63
11 -> 95
12 -> 54
13 -> 99
14 -> 38
15 -> 10
16 -> 31
17 -> 84
18 -> 45
19 -> 3
20 -> 7
21 -> 37
22 -> 1
23 -> 55
24 -> 13
25 -> 16
26 -> 40
27 -> 61
28 -> 21
29 -> 76
30 -> 47
31 -> 77
32 -> 73
33 -> 79
34 -> 75
35 -> 92
36 -> 46
37 -> 91
38 -> 62
39 -> 78
40 -> 25
41 -> 36
42 -> 98
43 -> 12
44 -> 58
45 -> 44
46 -> 93
47 -> 52
48 -> 6
49 -> 43
50 -> 90
51 -> 22
52 -> 41
53 -> 19
54 -> 42
55 -> 20
56 -> 59
57 -> 83
58 -> 11
59 -> 85
60 -> 87
61 -> 49
62 -> 48
63 -> 17
64 -> 29
65 -> 86
66 -> 71
67 -> 53
68 -> 4
69 -> 66
70 -> 23
71 -> 26
72 -> 74
73 -> 97
74 -> 81
75 -> 35
76 -> 89
77 -> 27
78 -> 72
79 -> 30
80 -> 96
81 -> 57
82 -> 65
83 -> 5
84 -> 39
85 -> 24
86 -> 33
87 -> 94
88 -> 67
89 -> 32
90 -> 80
91 -> 2
92 -> 15
93 -> 50
94 -> 69
95 -> 56
96 -> 14
97 -> 70
98 -> 18
99 -> 82
100 -> 8

Cycles:
(1 28 21 37 91 2 68 4 100 8 88 67 53 19 3 60 87 94 69 66 71 26 40 25 16 31 77 27 61 49 43 12 54 42 98 18 45 44 58 11 95 56 59 85 24 13 99 82 65 86 33 79 30 47 52 41 36 46 93 50 90 80 96 14 38 62 48 6 9 51 22)
(5 64 29 76 89 32 73 97 70 23 55 20 7 34 75 35 92 15 10 63 17 84 39 78 72 74 81 57 83)

Cycle à casser:
(5 64 29 76 89 32 73 97 70 23 55 20 7 34 75 35 92 15 10 63 17 84 39 78 72 74 81 57 83)

################
Résolution 10

Permutations:
1 -> 28
2 -> 68
3 -> 60
4 -> 100
5 -> 51
6 -> 9
7 -> 34
8 -> 88
9 -> 83
10 -> 63
11 -> 95
12 -> 54
13 -> 99
14 -> 38
15 -> 10
16 -> 31
17 -> 84
18 -> 59
19 -> 3
20 -> 7
21 -> 71
22 -> 1
23 -> 55
24 -> 13
25 -> 16
26 -> 98
27 -> 61
28 -> 21
29 -> 76
30 -> 47
31 -> 77
32 -> 73
33 -> 79
34 -> 75
35 -> 92
36 -> 46
37 -> 91
38 -> 62
39 -> 78
40 -> 25
41 -> 36
42 -> 45
43 -> 12
44 -> 58
45 -> 44
46 -> 93
47 -> 52
48 -> 6
49 -> 43
50 -> 90
51 -> 22
52 -> 41
53 -> 19
54 -> 42
55 -> 20
56 -> 82
57 -> 64
58 -> 11
59 -> 85
60 -> 87
61 -> 49
62 -> 48
63 -> 17
64 -> 29
65 -> 86
66 -> 89
67 -> 53
68 -> 4
69 -> 66
70 -> 23
71 -> 26
72 -> 74
73 -> 97
74 -> 81
75 -> 57
76 -> 35
77 -> 27
78 -> 72
79 -> 30
80 -> 96
81 -> 56
82 -> 65
83 -> 5
84 -> 39
85 -> 24
86 -> 37
87 -> 94
88 -> 67
89 -> 33
90 -> 80
91 -> 2
92 -> 15
93 -> 50
94 -> 69
95 -> 40
96 -> 14
97 -> 70
98 -> 18
99 -> 32
100 -> 8

Cycles:
(1 28 21 71 26 98 18 59 85 24 13 99 32 73 97 70 23 55 20 7 34 75 57 64 29 76 35 92 15 10 63 17 84 39 78 72 74 81 56 82 65 86 37 91 2 68 4 100 8 88 67 53 19 3 60 87 94 69 66 89 33 79 30 47 52 41 36 46 93 50 90 80 96 14 38 62 48 6 9 83 5 51 22)
(11 95 40 25 16 31 77 27 61 49 43 12 54 42 45 44 58)

Cycle à casser:
(11 95 40 25 16 31 77 27 61 49 43 12 54 42 45 44 58)

################
Résolution 11

Permutations:
1 -> 28
2 -> 68
3 -> 60
4 -> 100
5 -> 45
6 -> 9
7 -> 34
8 -> 88
9 -> 51
10 -> 63
11 -> 95
12 -> 54
13 -> 99
14 -> 38
15 -> 10
16 -> 31
17 -> 84
18 -> 59
19 -> 3
20 -> 7
21 -> 71
22 -> 1
23 -> 55
24 -> 13
25 -> 16
26 -> 64
27 -> 61
28 -> 21
29 -> 76
30 -> 47
31 -> 77
32 -> 73
33 -> 79
34 -> 75
35 -> 92
36 -> 46
37 -> 91
38 -> 62
39 -> 78
40 -> 25
41 -> 36
42 -> 98
43 -> 12
44 -> 58
45 -> 44
46 -> 93
47 -> 52
48 -> 6
49 -> 43
50 -> 90
51 -> 22
52 -> 41
53 -> 19
54 -> 42
55 -> 20
56 -> 82
57 -> 83
58 -> 11
59 -> 85
60 -> 87
61 -> 49
62 -> 48
63 -> 17
64 -> 29
65 -> 86
66 -> 89
67 -> 53
68 -> 4
69 -> 66
70 -> 23
71 -> 26
72 -> 74
73 -> 97
74 -> 81
75 -> 57
76 -> 35
77 -> 27
78 -> 72
79 -> 30
80 -> 96
81 -> 56
82 -> 65
83 -> 5
84 -> 39
85 -> 24
86 -> 37
87 -> 94
88 -> 67
89 -> 33
90 -> 80
91 -> 2
92 -> 15
93 -> 50
94 -> 69
95 -> 40
96 -> 14
97 -> 70
98 -> 18
99 -> 32
100 -> 8

Cycles:
(1 28 21 71 26 64 29 76 35 92 15 10 63 17 84 39 78 72 74 81 56 82 65 86 37 91 2 68 4 100 8 88 67 53 19 3 60 87 94 69 66 89 33 79 30 47 52 41 36 46 93 50 90 80 96 14 38 62 48 6 9 51 22)
(5 45 44 58 11 95 40 25 16 31 77 27 61 49 43 12 54 42 98 18 59 85 24 13 99 32 73 97 70 23 55 20 7 34 75 57 83)

Cycle à casser:
(5 45 44 58 11 95 40 25 16 31 77 27 61 49 43 12 54 42 98 18 59 85 24 13 99 32 73 97 70 23 55 20 7 34 75 57 83)

################
Résolution 12

Permutations:
1 -> 28
2 -> 68
3 -> 60
4 -> 36
5 -> 51
6 -> 9
7 -> 34
8 -> 88
9 -> 83
10 -> 63
11 -> 16
12 -> 66
13 -> 99
14 -> 90
15 -> 10
16 -> 31
17 -> 95
18 -> 45
19 -> 3
20 -> 93
21 -> 37
22 -> 1
23 -> 54
24 -> 13
25 -> 75
26 -> 98
27 -> 61
28 -> 21
29 -> 76
30 -> 47
31 -> 77
32 -> 73
33 -> 79
34 -> 38
35 -> 92
36 -> 46
37 -> 91
38 -> 62
39 -> 78
40 -> 25
41 -> 49
42 -> 18
43 -> 12
44 -> 58
45 -> 44
46 -> 5
47 -> 52
48 -> 6
49 -> 43
50 -> 40
51 -> 22
52 -> 41
53 -> 19
54 -> 55
55 -> 59
56 -> 82
57 -> 64
58 -> 11
59 -> 85
60 -> 87
61 -> 42
62 -> 48
63 -> 17
64 -> 29
65 -> 96
66 -> 71
67 -> 53
68 -> 4
69 -> 27
70 -> 23
71 -> 26
72 -> 74
73 -> 97
74 -> 81
75 -> 35
76 -> 89
77 -> 7
78 -> 72
79 -> 30
80 -> 86
81 -> 57
82 -> 65
83 -> 20
84 -> 39
85 -> 24
86 -> 33
87 -> 94
88 -> 67
89 -> 32
90 -> 80
91 -> 2
92 -> 15
93 -> 50
94 -> 69
95 -> 56
96 -> 14
97 -> 70
98 -> 84
99 -> 100
100 -> 8

Cycles:
(1 28 21 37 91 2 68 4 36 46 5 51 22)
(3 60 87 94 69 27 61 42 18 45 44 58 11 16 31 77 7 34 38 62 48 6 9 83 20 93 50 40 25 75 35 92 15 10 63 17 95 56 82 65 96 14 90 80 86 33 79 30 47 52 41 49 43 12 66 71 26 98 84 39 78 72 74 81 57 64 29 76 89 32 73 97 70 23 54 55 59 85 24 13 99 100 8 88 67 53 19)

Cycle à casser:
(1 28 21 37 91 2 68 4 36 46 5 51 22)

################
Résolution 13

Permutations:
1 -> 28
2 -> 68
3 -> 97
4 -> 36
5 -> 51
6 -> 9
7 -> 34
8 -> 88
9 -> 83
10 -> 63
11 -> 16
12 -> 60
13 -> 99
14 -> 90
15 -> 10
16 -> 31
17 -> 95
18 -> 45
19 -> 3
20 -> 7
21 -> 37
22 -> 1
23 -> 54
24 -> 13
25 -> 75
26 -> 98
27 -> 61
28 -> 21
29 -> 76
30 -> 47
31 -> 77
32 -> 73
33 -> 79
34 -> 38
35 -> 92
36 -> 46
37 -> 91
38 -> 62
39 -> 78
40 -> 25
41 -> 49
42 -> 18
43 -> 12
44 -> 58
45 -> 44
46 -> 93
47 -> 52
48 -> 6
49 -> 43
50 -> 40
51 -> 22
52 -> 41
53 -> 19
54 -> 55
55 -> 20
56 -> 82
57 -> 64
58 -> 11
59 -> 85
60 -> 87
61 -> 42
62 -> 48
63 -> 17
64 -> 29
65 -> 96
66 -> 71
67 -> 53
68 -> 4
69 -> 66
70 -> 23
71 -> 26
72 -> 74
73 -> 59
74 -> 81
75 -> 35
76 -> 89
77 -> 27
78 -> 72
79 -> 30
80 -> 86
81 -> 57
82 -> 65
83 -> 5
84 -> 39
85 -> 24
86 -> 33
87 -> 94
88 -> 67
89 -> 32
90 -> 80
91 -> 2
92 -> 15
93 -> 50
94 -> 69
95 -> 56
96 -> 14
97 -> 70
98 -> 84
99 -> 100
100 -> 8

Cycles:
(1 28 21 37 91 2 68 4 36 46 93 50 40 25 75 35 92 15 10 63 17 95 56 82 65 96 14 90 80 86 33 79 30 47 52 41 49 43 12 60 87 94 69 66 71 26 98 84 39 78 72 74 81 57 64 29 76 89 32 73 59 85 24 13 99 100 8 88 67 53 19 3 97 70 23 54 55 20 7 34 38 62 48 6 9 83 5 51 22)
(11 16 31 77 27 61 42 18 45 44 58)

Cycle à casser:
(11 16 31 77 27 61 42 18 45 44 58)

################
Résolution 14

Permutations:
1 -> 28
2 -> 68
3 -> 97
4 -> 36
5 -> 51
6 -> 9
7 -> 34
8 -> 67
9 -> 83
10 -> 63
11 -> 16
12 -> 66
13 -> 99
14 -> 90
15 -> 10
16 -> 31
17 -> 95
18 -> 45
19 -> 3
20 -> 88
21 -> 37
22 -> 1
23 -> 54
24 -> 13
25 -> 75
26 -> 98
27 -> 61
28 -> 21
29 -> 76
30 -> 47
31 -> 77
32 -> 73
33 -> 79
34 -> 38
35 -> 92
36 -> 46
37 -> 91
38 -> 62
39 -> 78
40 -> 25
41 -> 49
42 -> 18
43 -> 12
44 -> 58
45 -> 44
46 -> 93
47 -> 52
48 -> 6
49 -> 43
50 -> 40
51 -> 22
52 -> 41
53 -> 19
54 -> 55
55 -> 20
56 -> 82
57 -> 64
58 -> 11
59 -> 85
60 -> 87
61 -> 42
62 -> 48
63 -> 17
64 -> 29
65 -> 96
66 -> 71
67 -> 53
68 -> 4
69 -> 27
70 -> 23
71 -> 26
72 -> 74
73 -> 59
74 -> 81
75 -> 35
76 -> 89
77 -> 7
78 -> 72
79 -> 30
80 -> 86
81 -> 57
82 -> 65
83 -> 5
84 -> 39
85 -> 24
86 -> 33
87 -> 94
88 -> 60
89 -> 32
90 -> 80
91 -> 2
92 -> 15
93 -> 50
94 -> 69
95 -> 56
96 -> 14
97 -> 70
98 -> 84
99 -> 100
100 -> 8

Cycles:
(1 28 21 37 91 2 68 4 36 46 93 50 40 25 75 35 92 15 10 63 17 95 56 82 65 96 14 90 80 86 33 79 30 47 52 41 49 43 12 66 71 26 98 84 39 78 72 74 81 57 64 29 76 89 32 73 59 85 24 13 99 100 8 67 53 19 3 97 70 23 54 55 20 88 60 87 94 69 27 61 42 18 45 44 58 11 16 31 77 7 34 38 62 48 6 9 83 5 51 22)

z = 103

Résultat :
-----------
Temps (secondes) : 5.572
Nombre d'appels à GPLK : 14
Nombre d'appels à realloc (/3) : 2
Nombre de contraintes (3') ajoutées : 13
Writing problem data to './data/relief/relief100.dat.lp'...
24947 lines were written
